928 750 985 186 235 751 6 652 671 770
286 611 438 932 147 742 860 145 654 36
243 875 431 626 410 82 899 750 158 703
221 295 259 641 969 148 164 906 931 647
326 431 623 989 241 182 548 699 471 278
623 715 907 812 459 822 328 785 80 941
815 325 65 544 101 20 178 558 27 552
97 219 874 631 389 89 286 96 390 446
480 37 837 936 799 843 626 560 553 797
650 896 291 828 213 836 67 229 895 138
806 851 333 311 332 911 809 40 131 65
152 144 62 330 687 860 760 517 718 40
396 750 305 67 740 16 76 123 310 441
2 901 116 939 375 507 53 718 907 66
23 648 49 237 133 559 40 952 316 341
557 472 629 470 778 848 975 923 750 512
585 121 338 534 976 839 868 815 807 634
579 293 390 775 570 261 512 385 347 429
684 415 82 421 855 42 7 435 861 716
92 712 663 31 551 684 516 790 296 24
185 643 48 978 212 162 736 181 107 596
789 383 564 565 872 727 164 262 775 404
267 665 858 570 392 563 207 662 378 882
573 379 832 940 956 643 483 534 501 137
568 251 718 536 469 372 192 409 301 168
387 904 798 455 22 982 576 926 72 220
166 868 460 188 24 332 653 659 689 648
795 453 598 126 275 995 887 756 226 461
514 689 930 498 65 296 853 437 53 662
448 893 59 56 212 20 38 10 523 867
532 8 798 12 584 123 675 889 461 867
924 295 708 480 911 65 503 41 25 8
166 858 810 122 495 417 39 140 571 343
280 72 823 96 671 535 624 476 893 979
403 287 172 330 245 262 29 256 467 83
313 933 970 75 937 22 121 179 730 43
164 833 740 132 720 931 217 426 451 944
122 513 854 949 184 692 797 341 895 520
355 284 959 141 248 489 781 826 975 136
597 223 242 483 708 89 562 953 828 100
335 961 633 327 413 425 939 427 873 953
367 174 363 952 935 780 144 719 17 490
150 155 294 933 577 946 515 136 508 171
518 358 64 471 417 343 412 314 883 320
369 82 680 609 521 729 502 550 570 106
212 923 405 17 775 429 559 300 929 865
11 95 684 46 2 752 876 652 653 94
456 435 859 812 438 874 53 127 737 375
734 845 28 593 738 314 807 824 24 195
474 896 157 673 767 469 961 320 385 82
949 612 539 627 402 868 770 878 855 961
3 705 978 927 761 502 431 569 6 193
536 263 653 208 269 484 627 335 612 746
430 705 39 32 939 925 290 368 158 231
969 94 632 646 847 81 36 592 700 309
497 600 507 478 5 636 311 697 130 131
97 70 547 180 232 592 11 658 72 774
789 145 359 379 435 465 956 701 592 780
974 621 658 935 719 737 980 768 496 110
266 264 766 599 838 540 597 329 405 960
921 934 646 392 123 737 387 941 958 546
264 315 832 236 537 458 534 988 978 503
488 665 791 595 894 936 619 27 988 744
510 750 704 512 555 421 249 640 744 381
559 437 179 498 71 886 267 957 345 134
126 479 929 157 22 700 560 254 486 788
673 548 966 80 357 193 125 606 283 814
76 649 856 605 149 834 151 860 709 652
432 64 812 33 809 124 62 961 690 108
668 756 448 132 327 72 198 763 368 410
377 963 845 294 283 510 700 199 2 817
685 833 601 866 396 763 500 507 663 582
500 320 432 818 769 524 381 766 715 208
152 350 37 359 303 285 214 404 541 983
959 755 404 914 378 211 239 475 671 994
939 315 150 398 445 992 189 943 986 125
79 542 731 583 419 384 756 790 217 888
376 569 928 893 736 179 211 520 877 927
259 858 719 177 17 565 473 112 815 883
656 308 253 560 666 505 685 974 152 213
374 539 798 848 247 601 655 266 34 610
544 75 741 482 94 655 948 293 51 239
23 409 808 957 577 826 730 18 855 897
326 768 183 847 158 470 623 756 948 815
324 305 743 421 989 831 170 19 901 440
887 798 940 567 371 208 311 994 537 46
666 617 994 851 707 213 500 993 150 63
859 139 962 479 757 320 386 690 982 24
884 51 911 240 568 540 903 276 267 771
594 576 833 184 305 799 207 302 900 898
244 548 777 866 383 184 38 317 935 829
546 330 391 725 833 804 760 645 630 810
515 904 896 560 894 194 407 268 445 243
269 303 139 353 174 791 302 996 378 910
398 918 983 53 438 853 54 728 565 268
764 834 41 8 905 972 70 270 226 318
589 895 297 276 747 977 568 247 562 906
801 89 970 440 271 572 484 715 555 358
350 171 896 94 141 651 917 891 102 555
243 769 656 779 404 227 290 419 798 892
