383 164 332 188 11 137 40 675 69 42 8 990 270 771 156 793 406 611 678 654 67 908 465 135 930 532 291 772 348 210 852 978 209 530 924 378 89 971 845 582 904 985 852 304 840 520 475 97 343 860
523 990 460 266 917 935 832 831 573 901 766 241 445 750 272 875 964 751 441 944 360 969 469 128 623 107 949 829 289 952 746 557 916 287 882 680 2 24 430 151 753 890 639 628 954 516 896 773 871 433
787 385 621 313 824 952 311 679 274 418 503 857 668 330 659 604 777 523 784 618 197 569 699 171 976 644 823 757 628 16 647 923 907 459 38 173 400 142 753 265 24 650 946 965 468 499 701 106 375 745
177 183 658 827 567 199 955 371 356 743 630 956 584 851 445 969 789 734 23 49 733 494 97 719 195 878 536 970 975 492 89 442 413 123 382 179 233 807 512 841 35 834 925 631 971 319 387 17 278 862
393 594 635 276 752 474 604 882 689 531 861 531 684 832 358 568 517 466 935 637 503 312 360 476 244 729 831 455 351 276 171 886 2 314 870 907 681 30 803 781 50 650 639 633 90 702 661 357 379 748
148 64 170 915 132 10 722 288 762 270 703 19 746 693 410 257 402 241 390 62 388 313 909 930 207 17 249 590 309 477 800 901 908 938 59 618 667 892 53 606 975 158 482 15 725 589 543 353 918 475
348 445 202 153 182 554 131 971 873 890 971 724 599 407 55 185 12 275 447 1000 466 534 750 570 541 530 317 817 244 476 526 159 979 876 273 301 213 463 396 257 58 216 879 625 410 335 573 401 378 417
838 203 6 993 157 169 35 147 838 792 292 733 943 858 278 442 711 23 792 899 790 839 431 318 719 381 805 786 898 855 135 724 404 502 741 131 366 893 191 705 503 79 504 908 650 424 862 859 599 596
888 571 862 559 721 603 601 255 420 518 350 236 847 201 239 383 303 648 229 626 183 247 270 352 24 941 193 111 904 657 886 550 123 402 104 823 633 340 841 616 405 862 644 170 97 977 681 75 515 647
36 105 37 266 122 783 19 343 84 252 127 135 748 284 309 773 750 589 189 113 515 561 293 577 22 105 337 81 587 422 37 591 378 364 805 416 863 129 393 978 313 673 182 594 651 828 478 501 998 579
50 206 904 180 915 76 840 870 743 988 525 78 927 855 846 368 891 881 823 435 374 833 754 411 763 753 923 741 280 98 474 642 677 559 268 452 47 706 605 308 500 4 361 579 45 49 683 291 380 979
332 911 426 537 729 448 145 521 444 98 379 462 724 528 616 333 800 405 110 743 826 579 281 866 548 789 401 144 761 128 452 737 860 69 446 943 229 61 810 936 92 276 255 281 241 935 482 330 473 382
150 47 227 124 445 905 114 67 365 241 538 461 354 812 526 917 990 861 367 801 51 412 10 441 618 676 730 796 715 599 731 182 141 875 120 331 954 955 208 905 549 496 246 731 255 339 521 436 873 902
322 789 36 84 505 551 872 986 723 115 489 138 641 81 360 315 111 813 158 938 713 27 742 24 380 897 499 209 819 882 458 624 295 586 189 24 202 790 116 673 102 499 240 463 664 814 85 101 535 704
251 521 748 464 996 58 850 734 29 11 907 451 609 339 947 926 964 477 787 55 945 821 414 967 995 298 412 949 979 824 627 670 887 147 490 675 925 985 58 662 263 661 337 746 726 465 115 7 683 150
306 750 163 676 236 22 135 188 944 279 375 512 549 147 903 644 929 380 465 887 234 815 448 335 824 399 604 41 254 255 428 2 296 783 582 733 135 38 461 337 556 767 885 991 237 667 757 170 127 618
928 699 29 560 412 861 550 83 906 964 218 909 780 573 869 328 70 858 982 926 311 796 125 249 797 862 944 618 302 599 811 97 123 478 509 268 787 607 944 447 925 569 252 994 82 173 424 444 411 227
103 783 37 969 949 615 97 276 489 844 252 416 280 218 862 611 383 596 461 639 597 374 592 87 508 978 69 675 421 362 63 221 565 429 966 808 912 458 783 326 154 379 382 764 229 984 678 999 123 984
569 98 24 862 549 506 781 609 489 231 621 171 736 282 440 206 366 553 350 968 333 15 936 237 141 438 53 977 889 624 840 646 199 340 267 286 553 459 577 673 568 601 885 5 985 139 251 133 390 75
511 858 555 706 627 466 941 896 456 596 779 619 810 850 851 65 607 540 630 187 734 506 80 128 279 166 499 782 250 667 682 486 360 614 636 865 337 698 490 405 879 332 864 687 360 148 415 335 388 615
935 532 652 783 488 802 562 745 805 628 258 601 958 469 831 862 875 656 863 14 42 106 874 869 349 607 167 400 19 198 979 563 1 488 769 110 810 805 541 270 533 990 486 925 281 106 44 637 527 221
585 501 415 250 565 673 225 69 507 296 69 340 399 859 761 679 433 113 409 348 823 54 376 820 385 262 648 321 727 531 482 326 553 779 107 570 123 155 463 635 580 527 202 643 289 731 943 499 338 413
476 73 235 290 28 277 731 891 1 572 131 696 145 356 827 7 862 964 504 694 828 30 998 590 65 807 539 733 718 993 372 659 973 130 513 61 845 440 843 581 110 409 337 627 645 114 153 427 92 515
556 796 77 134 727 74 543 392 853 396 184 538 479 126 626 637 586 236 809 898 745 309 162 573 664 668 576 487 776 712 642 356 412 49 108 125 468 800 327 44 921 343 417 917 194 792 811 473 65 114
692 216 611 812 529 553 541 276 601 31 902 465 931 718 797 744 134 448 261 346 133 849 742 1 931 903 842 447 768 974 467 902 58 762 865 792 522 323 207 116 548 680 190 108 554 638 163 760 395 488
711 949 246 191 279 625 911 594 315 766 405 738 421 911 686 613 332 330 123 345 995 806 531 181 610 950 71 528 574 116 267 305 593 879 508 127 104 163 225 724 399 173 492 7 304 352 570 826 275 217
433 171 479 197 247 604 162 538 588 161 828 55 564 353 729 164 370 166 15 823 148 392 955 227 796 37 683 140 189 509 471 856 861 176 521 388 336 799 943 20 174 679 852 418 340 47 898 447 852 910
220 870 648 18 571 207 317 888 421 757 348 38 471 720 585 890 603 502 621 962 595 126 214 891 171 146 120 440 222 653 357 417 592 55 485 724 346 325 723 414 512 238 635 427 417 288 403 864 347 358
741 883 356 876 672 248 599 252 707 602 497 491 983 156 616 296 229 912 850 335 946 577 560 560 560 200 928 470 942 763 475 179 447 770 714 406 641 374 209 727 297 744 136 997 848 100 763 805 574 335
646 90 103 206 418 326 84 962 120 9 705 948 227 901 199 365 586 847 821 987 603 130 53 867 584 672 106 237 337 914 899 176 108 660 763 867 941 446 254 132 439 777 55 832 22 678 771 116 738 760
120 850 369 624 323 601 461 820 638 468 255 742 705 747 983 567 551 70 612 278 452 958 546 47 993 285 234 779 383 740 416 880 734 359 402 798 210 948 946 946 274 350 915 792 415 330 143 29 171 37
951 247 923 459 101 38 61 952 581 860 557 122 446 771 251 618 567 655 152 101 183 324 35 440 495 210 473 897 492 557 695 608 832 67 929 720 622 790 718 592 731 603 421 494 67 255 657 69 223 438
851 427 30 134 378 802 468 220 39 614 693 218 285 744 451 685 418 237 629 623 496 20 307 488 458 155 883 149 114 655 964 106 444 991 987 772 613 639 504 628 486 589 498 907 824 189 411 691 155 579
268 994 153 9 977 669 961 627 930 718 353 504 54 147 998 328 896 637 919 650 329 91 428 947 825 77 774 658 414 550 379 401 256 597 30 845 651 363 473 935 544 192 498 281 73 796 403 651 812 188
582 618 346 133 476 840 785 578 807 143 206 191 189 78 762 387 815 163 518 451 160 41 793 43 296 493 324 367 969 528 577 12 723 569 981 72 580 703 329 935 48 226 784 734 291 772 611 797 282 473
411 762 846 391 100 724 693 127 878 473 627 705 917 249 620 124 202 259 906 465 379 973 465 53 188 963 670 227 904 461 263 945 176 371 489 228 488 618 483 560 151 328 313 890 888 202 591 565 669 373
924 200 104 416 306 261 37 725 843 29 136 151 621 477 128 941 992 563 351 505 777 166 518 811 403 170 526 186 7 609 187 165 943 196 900 629 770 420 767 994 328 665 735 894 204 289 160 660 365 592
809 727 544 377 354 851 667 840 522 397 85 786 440 716 537 821 34 174 49 556 999 834 933 864 791 50 987 200 763 830 616 656 191 467 328 624 274 160 187 804 992 591 229 855 774 458 146 930 923 466
243 786 540 330 567 962 491 748 379 73 675 463 383 815 221 467 724 478 709 572 439 57 223 740 374 855 297 651 175 644 316 610 229 554 141 485 86 198 396 579 587 981 290 571 127 134 451 172 346 254
360 539 976 347 400 553 366 847 992 161 699 864 743 993 327 816 832 78 482 839 203 779 781 103 305 587 47 569 595 803 63 865 20 904 918 746 408 991 797 733 942 363 720 140 672 247 176 324 193 350
704 245 322 822 472 365 602 751 403 987 422 441 747 10 54 955 377 105 576 610 915 327 138 954 641 666 558 492 584 782 184 435 869 274 833 120 366 632 190 420 903 184 514 414 502 758 487 52 532 846
940 736 733 275 998 620 11 112 921 254 416 7 740 997 512 428 296 306 999 702 935 646 805 510 810 819 155 685 183 636 381 905 806 961 841 112 223 841 981 952 259 755 658 291 482 374 606 180 110 676
597 391 309 898 690 749 775 34 352 385 290 999 699 407 474 97 465 342 786 32 668 666 296 295 995 272 309 167 941 800 313 445 16 379 423 488 613 464 666 92 768 618 948 791 548 69 240 861 302 464
427 775 322 405 374 519 404 279 751 474 601 714 592 15 202 953 440 231 890 136 578 737 98 538 662 905 770 268 679 526 681 806 550 239 568 943 922 221 561 467 908 506 998 219 845 291 635 549 204 683
326 361 467 364 748 835 971 681 873 134 440 387 515 258 762 626 276 592 827 190 30 754 695 420 837 343 205 291 560 608 298 754 714 571 330 874 546 329 438 242 720 343 290 143 329 916 86 947 231 252
584 350 658 869 41 153 511 497 447 255 80 126 392 448 683 747 683 957 708 734 59 455 547 286 421 614 652 123 246 785 770 89 219 863 225 700 238 990 853 633 86 697 177 382 92 747 410 623 74 185
320 54 595 997 5 914 975 922 874 520 827 888 942 525 339 981 423 272 973 298 674 527 768 927 699 958 834 784 146 182 164 119 624 560 424 516 999 81 493 146 820 46 339 251 941 425 608 248 628 171
674 748 783 836 281 9 632 265 60 805 449 38 608 514 783 143 624 416 345 329 297 587 6 590 362 554 77 979 71 476 940 965 746 891 911 706 327 926 636 885 751 742 390 403 820 519 310 322 738 249
964 503 397 676 2 314 787 81 262 37 125 993 382 918 779 836 344 14 75 116 705 525 876 13 608 620 915 583 574 793 27 772 657 227 323 169 273 984 125 959 905 69 170 864 282 986 409 657 958 609
784 45 538 941 853 198 416 332 195 774 114 205 736 545 344 844 149 463 779 608 283 380 806 452 284 650 739 734 276 66 440 420 53 152 665 668 101 36 188 701 148 807 347 822 720 784 468 12 792 872
530 881 875 974 979 993 571 789 10 491 681 746 97 114 474 929 320 768 160 151 272 17 288 604 741 387 385 59 448 94 224 371 52 489 123 792 162 140 636 896 926 998 832 238 612 359 927 493 102 693
431 17 883 334 357 474 72 144 877 316 385 842 369 125 790 866 66 340 931 396 216 70 822 174 601 310 365 466 587 908 676 742 403 449 422 394 474 970 991 980 849 250 94 718 623 863 972 264 991 439
215 744 352 68 43 97 33 200 365 307 505 86 97 263 701 843 147 757 558 854 21 394 700 509 721 163 869 792 837 472 794 249 198 188 542 904 741 152 489 447 744 120 212 616 832 478 748 719 432 994
972 670 521 536 861 866 721 708 314 110 995 399 735 675 100 389 691 624 609 840 139 105 383 780 203 785 116 69 781 853 996 70 165 488 280 416 454 653 145 171 308 983 371 882 283 494 244 259 570 458
996 889 287 334 579 359 822 322 851 450 869 364 362 799 252 597 786 12 819 134 979 118 747 955 296 518 686 198 506 793 631 93 848 103 900 232 882 549 484 704 557 59 383 349 331 504 790 104 832 11
520 782 157 686 836 372 383 855 914 254 296 138 578 68 42 428 550 88 165 868 117 406 860 116 968 265 948 948 255 672 89 396 275 741 379 175 665 900 870 927 454 165 475 300 42 699 750 194 939 941
204 811 686 924 951 358 116 819 116 545 912 595 909 898 889 136 144 286 872 829 396 850 378 192 196 721 430 753 672 570 912 99 46 230 238 338 855 981 911 222 264 174 50 546 842 68 285 287 31 278
40 792 798 159 877 238 571 228 91 381 629 816 833 407 18 37 179 826 731 642 292 197 556 262 895 802 594 401 153 641 164 397 827 881 757 918 842 239 385 166 690 187 819 631 13 602 409 70 888 187
474 471 145 923 192 2 314 411 650 391 512 698 284 648 90 615 578 584 423 35 812 802 891 690 842 132 212 439 427 945 615 856 539 688 716 866 494 406 852 749 157 186 706 359 701 685 994 521 485 877
289 579 490 824 663 544 766 34 83 104 96 206 233 677 995 882 783 589 514 212 526 367 712 615 400 236 370 516 299 293 960 575 265 540 716 836 347 304 13 155 392 77 441 164 20 275 525 644 573 550
977 759 256 833 642 58 107 710 865 157 931 563 589 7 3 452 15 971 255 292 763 36 634 772 418 246 804 269 957 257 332 131 532 211 957 863 328 511 241 378 331 687 468 378 325 503 601 306 920 132
624 647 632 528 446 125 676 349 360 204 539 279 286 174 966 25 695 512 654 845 988 29 267 548 345 720 464 93 933 1 393 174 138 566 414 509 199 365 342 987 621 774 936 826 134 345 241 38 119 78
927 245 574 450 916 736 724 832 996 358 561 806 733 90 886 512 247 686 910 460 940 499 447 571 284 978 370 37 538 150 688 722 57 420 30 536 43 316 463 590 187 901 732 677 393 347 47 709 211 518
451 541 176 875 544 210 676 841 353 74 80 706 103 345 744 717 60 108 732 959 88 481 326 910 869 637 426 435 741 375 279 233 348 523 880 831 499 957 249 558 843 874 9 947 697 171 864 863 66 409
751 809 945 136 447 705 654 715 992 372 986 195 142 8 463 176 356 949 977 657 974 193 723 958 139 118 906 874 535 984 676 412 869 103 923 155 805 398 243 714 431 335 158 810 177 961 570 173 871 278
987 701 109 734 121 87 248 326 871 646 114 47 964 703 95 220 504 959 967 923 545 76 784 215 324 765 123 294 134 848 390 567 475 257 8 559 780 740 502 888 828 384 873 877 561 913 175 873 911 968
837 763 32 82 527 721 491 624 615 680 978 683 81 346 312 584 264 340 63 518 610 385 776 480 546 611 502 475 43 730 86 442 352 98 826 91 581 275 688 32 853 716 925 323 653 163 350 791 325 831
649 26 401 800 217 570 340 466 238 833 903 816 590 68 361 858 196 699 880 79 645 263 897 26 212 504 786 300 940 542 224 169 297 619 866 106 741 444 552 746 160 420 593 114 778 205 644 397 848 944
120 772 463 698 760 654 412 484 631 305 314 923 290 31 47 420 857 682 893 658 536 756 67 299 120 119 59 888 798 239 802 374 576 564 902 99 489 63 1000 876 72 78 612 583 104 250 279 436 439 92
746 1 79 326 13 255 547 139 261 968 117 450 743 928 419 559 889 342 523 906 966 170 776 25 138 840 837 94 687 256 388 986 353 911 279 870 267 234 229 570 915 736 329 407 905 204 533 841 701 774
190 682 297 398 191 836 35 213 667 212 723 59 525 818 466 707 143 772 969 781 514 201 75 857 814 756 297 882 878 265 210 835 204 319 350 656 530 995 904 106 873 456 323 22 566 719 730 756 409 399
455 443 839 740 82 281 707 470 17 843 779 351 533 963 638 869 990 611 96 382 114 327 859 59 521 408 354 591 408 541 431 907 342 864 358 820 206 61 341 723 753 177 996 150 994 607 13 946 715 530
207 118 200 135 441 654 842 774 947 132 625 733 164 492 343 844 672 174 796 923 949 197 999 953 390 608 908 417 704 218 293 434 982 339 450 497 599 261 782 384 761 255 873 2 863 177 212 282 190 598
900 724 634 513 560 335 489 93 773 228 549 548 646 176 956 121 690 821 652 4 159 821 877 168 896 765 34 521 263 999 802 209 178 903 406 922 371 367 756 271 657 522 54 982 437 686 725 235 838 261
427 102 104 432 392 151 666 21 384 671 565 475 808 158 355 996 28 819 96 20 33 633 951 996 800 577 369 76 686 237 352 384 541 741 129 757 824 915 371 589 317 453 553 588 342 927 858 971 154 405
324 313 795 216 598 19 3 587 889 951 184 823 374 373 411 481 41 700 45 286 434 71 435 710 37 264 381 45 41 241 926 398 723 208 924 564 621 672 759 890 954 751 292 265 619 940 606 835 392 682
329 200 101 864 122 924 283 721 430 459 71 813 860 986 537 435 391 592 659 976 695 279 341 168 219 394 425 148 923 675 947 880 803 259 355 668 314 379 834 826 258 259 925 854 70 212 279 7 423 330
863 188 253 441 133 795 864 756 783 18 541 461 322 845 753 288 294 153 781 506 321 52 969 580 608 958 923 504 954 623 196 118 278 47 343 348 791 596 536 537 946 24 259 136 686 501 175 205 759 277
710 850 780 286 492 604 990 838 29 270 132 222 248 905 761 492 568 505 605 596 703 136 62 492 884 614 214 532 615 814 789 6 389 7 100 968 300 827 565 285 959 238 587 422 213 240 455 37 113 769
993 245 631 930 474 407 667 587 753 291 965 991 110 147 2 93 934 630 638 139 263 973 375 451 84 579 56 657 515 979 954 548 912 153 933 650 325 179 560 980 865 132 58 156 662 842 565 181 222 408
82 191 851 357 254 260 828 792 267 254 110 160 932 983 874 523 277 301 776 804 714 140 429 537 473 933 816 414 948 468 745 251 723 294 200 683 713 169 45 435 73 632 101 788 816 612 354 769 175 569
640 101 846 517 589 760 976 561 350 602 546 520 351 609 789 258 828 479 604 147 276 43 88 163 393 806 525 148 429 740 718 110 308 947 226 557 107 418 962 75 51 289 531 82 859 741 263 649 16 803
686 676 148 980 917 159 80 899 170 38 852 60 15 192 184 820 375 185 345 933 622 20 344 982 492 275 966 580 21 451 737 349 990 361 984 643 277 358 145 682 101 28 686 823 229 760 15 629 926 748
886 91 281 588 319 297 718 851 133 695 641 854 633 679 263 290 761 171 591 935 237 343 882 952 397 123 525 15 415 292 235 459 342 961 750 394 765 167 496 615 193 363 201 825 579 708 946 388 57 496
10 431 127 534 51 123 559 864 739 64 519 163 358 626 431 509 732 586 977 40 589 174 524 745 643 989 312 624 539 172 89 160 242 351 472 464 959 239 117 625 693 832 841 881 777 199 675 295 798 697
840 176 676 836 51 751 420 127 789 481 288 212 57 16 509 315 146 504 648 100 269 976 244 981 707 608 720 812 792 368 188 379 815 223 196 408 202 589 879 64 102 643 317 661 805 536 891 871 611 180
359 5 25 6 421 496 291 382 247 259 448 68 14 462 265 662 121 583 378 823 377 293 994 492 538 18 504 821 268 858 998 504 261 130 567 773 484 522 619 73 818 179 361 921 985 535 456 399 239 509
816 124 674 51 593 7 540 455 158 333 692 984 437 810 822 204 446 968 864 236 130 487 91 843 804 389 984 746 133 714 827 867 143 197 800 227 758 339 706 318 872 990 616 514 570 858 900 778 435 744
184 461 495 293 829 339 759 480 906 227 380 542 559 444 456 538 949 347 594 284 619 666 488 212 283 977 10 838 419 818 570 858 249 766 648 605 768 269 19 583 343 338 569 392 27 985 314 186 872 753
439 301 361 901 903 827 751 592 988 230 601 891 70 743 845 153 548 273 33 868 483 762 479 132 648 713 958 961 397 90 75 976 777 700 105 385 413 127 176 68 554 538 927 993 680 811 27 789 424 816
425 956 202 63 396 360 492 378 297 765 51 611 995 294 880 484 163 240 403 597 512 850 228 384 139 128 941 506 994 452 349 720 888 718 279 733 325 699 881 653 873 933 517 3 263 750 518 59 211 835
254 206 890 799 632 691 209 587 183 693 948 584 287 115 296 443 212 628 472 509 173 614 859 799 767 959 644 396 53 870 510 422 728 81 298 210 321 178 636 937 599 478 590 995 793 250 970 559 54 928
715 789 299 551 681 48 383 535 411 89 390 188 496 37 718 704 324 331 676 943 134 811 742 738 410 761 916 743 284 756 921 442 694 871 611 122 725 197 79 772 945 3 967 545 427 539 540 322 949 628
888 85 445 896 446 557 934 684 239 46 934 142 295 508 343 255 849 896 22 823 370 179 559 712 842 661 221 211 935 602 606 795 15 932 95 455 146 670 255 237 530 540 783 286 582 376 562 157 657 807
389 835 427 942 382 868 302 797 610 458 488 162 334 36 831 171 371 598 709 518 96 743 303 652 987 463 716 536 495 197 373 264 353 822 882 11 596 255 200 253 23 429 916 740 59 164 431 115 356 275
749 500 975 777 549 620 361 333 183 778 715 469 841 402 323 949 605 990 832 853 187 726 64 922 858 298 587 648 200 322 744 5 222 189 721 562 262 204 208 488 389 748 68 561 514 57 147 626 152 672
141 277 772 567 958 953 848 566 453 538 833 482 431 235 377 639 871 325 958 568 384 280 747 543 918 723 465 440 895 898 241 950 210 346 296 726 436 141 309 66 433 436 535 624 843 760 231 741 955 635
109 542 199 510 148 603 441 576 42 943 859 652 525 36 174 663 108 421 629 866 413 969 606 816 771 100 645 248 688 779 794 994 829 852 184 747 195 938 170 820 400 622 846 410 239 86 593 961 813 211
720 788 309 876 809 209 620 605 428 530 694 853 135 988 708 294 541 46 87 322 546 943 852 309 852 243 941 397 776 919 958 378 445 952 794 198 664 865 803 804 817 447 748 420 762 245 945 468 968 802
527 993 274 973 720 218 650 956 187 609 684 16 243 316 838 854 427 697 607 517 988 185 958 978 168 200 446 991 560 737 548 609 26 31 924 256 852 339 36 384 269 303 126 136 630 516 630 32 814 512
15 509 141 379 279 5 68 936 634 226 606 185 161 387 82 245 254 258 148 458 537 561 145 377 34 206 163 161 623 672 69 932 82 696 232 88 89 814 889 724 862 292 153 455 270 672 88 142 409 164
86 872 290 492 548 770 861 36 892 264 851 434 10 439 91 184 200 180 868 119 460 267 123 585 877 156 593 861 50 355 748 965 665 720 173 569 217 383 848 371 97 421 665 135 242 888 911 717 782 388
488 971 795 273 688 435 22 750 606 855 28 660 498 375 612 974 539 375 19 40 762 709 698 544 552 727 144 286 612 253 308 868 881 548 255 526 756 453 992 406 692 775 952 810 862 33 839 601 463 451
959 385 549 930 825 436 742 245 661 5 398 422 857 747 85 250 680 536 171 245 341 920 435 123 453 952 398 595 344 485 986 957 232 776 925 430 940 396 830 491 993 933 486 859 109 440 585 321 630 537
318 560 69 190 983 855 504 895 223 575 324 907 90 18 241 183 843 264 187 101 374 334 719 12 268 766 665 480 12 598 890 779 494 862 133 568 730 758 854 58 620 506 572 873 482 973 799 696 49 321
250 616 837 437 632 931 556 990 234 568 47 358 23 760 119 230 464 924 609 437 933 713 23 344 3 94 225 138 973 741 861 544 58 120 860 654 972 516 897 369 304 591 386 663 621 80 583 737 473 884
795 198 914 644 62 806 495 229 999 321 495 917 716 396 499 270 240 146 394 669 718 79 392 175 621 252 341 100 925 168 110 111 21 942 639 22 875 530 45 690 428 471 443 703 572 79 728 361 508 415
693 147 883 916 541 455 491 904 104 145 725 968 443 864 128 988 972 798 408 488 115 208 612 694 233 695 207 616 763 30 242 859 415 668 948 883 745 197 683 974 402 118 184 267 340 249 570 800 317 697
814 569 772 305 577 710 936 30 867 749 666 47 445 586 284 25 34 107 965 662 517 754 707 290 608 348 569 849 581 766 593 659 85 139 401 594 413 527 787 563 731 643 410 46 103 682 148 665 596 697
764 975 152 551 207 372 729 519 369 373 628 340 756 649 278 592 727 504 567 164 425 949 333 259 818 620 217 757 302 988 176 238 984 353 560 819 300 18 140 270 717 976 851 439 775 697 72 680 651 22
363 862 950 748 86 188 236 180 795 615 533 892 239 636 236 785 4 457 760 849 143 800 869 106 414 375 650 730 386 168 759 388 611 959 290 797 193 878 310 742 286 616 990 876 617 475 624 340 447 478
19 937 67 203 838 834 593 113 419 333 661 492 728 558 783 652 310 671 765 930 513 733 639 531 357 954 143 821 559 251 372 178 643 79 912 723 246 552 70 797 251 637 807 87 520 185 151 935 902 310
539 269 17 485 193 806 694 977 724 68 741 949 481 27 562 942 726 956 521 735 987 674 709 490 67 173 127 827 637 112 352 562 832 981 788 997 503 924 586 12 275 561 961 16 984 271 410 82 828 91
932 898 609 246 487 744 59 444 400 208 561 476 344 256 226 535 793 687 435 485 601 362 774 379 637 244 561 281 9 249 768 232 90 4 914 373 778 439 527 481 589 734 337 981 186 556 191 495 320 803
246 43 684 604 439 457 85 630 984 730 114 36 415 332 515 873 839 651 936 270 692 327 364 101 172 697 464 648 862 770 708 473 557 519 552 890 684 108 970 853 174 937 950 542 252 107 385 782 491 668
61 954 330 863 142 444 126 76 25 228 900 603 408 717 812 883 126 955 729 891 238 911 354 532 907 628 509 23 44 481 218 716 941 965 233 615 665 884 622 862 741 261 920 133 203 148 508 23 724 671
193 533 960 352 915 708 625 600 889 465 264 756 581 206 837 377 952 146 383 268 297 389 922 600 34 118 37 125 619 166 591 86 836 716 359 106 779 580 780 589 502 408 938 958 998 229 536 994 266 642
157 45 745 536 206 945 544 740 430 390 122 104 337 723 120 512 168 218 1 771 608 830 786 553 486 562 208 818 823 30 422 506 564 239 838 487 466 454 86 665 511 211 988 710 388 544 622 573 38 434
176 143 116 593 49 611 850 583 593 808 266 325 590 215 414 371 412 437 513 794 206 703 965 592 327 512 104 293 623 324 24 940 167 818 875 370 231 457 492 62 964 856 142 845 21 652 479 987 995 761
258 104 108 71 638 763 586 52 282 657 287 850 526 256 21 566 862 562 443 663 53 440 774 836 493 925 643 312 499 276 401 770 681 527 891 533 374 610 966 192 27 865 684 930 70 58 134 588 822 826
630 918 867 417 465 797 146 153 265 186 753 965 775 39 476 864 678 185 806 952 111 523 352 667 479 441 863 799 982 799 981 898 686 897 542 455 171 953 528 57 105 976 997 603 152 919 252 815 676 585
220 76 853 95 719 808 616 506 448 641 346 487 9 744 293 209 704 417 27 80 53 489 38 532 133 720 401 394 536 398 450 427 93 801 388 469 696 688 198 824 168 210 645 163 429 577 673 183 580 432
862 557 121 604 549 611 360 251 325 788 522 397 429 627 395 302 473 4 578 746 425 765 658 830 288 321 989 947 510 174 731 346 339 563 481 936 210 343 339 88 493 277 394 745 426 836 191 712 943 321
243 582 612 951 991 483 50 600 997 638 260 576 878 835 447 610 476 399 592 767 293 598 227 612 244 528 832 779 927 491 764 423 199 988 434 158 998 410 714 712 696 60 417 508 1 526 819 82 539 984
226 524 958 287 526 51 962 170 124 4 913 842 893 326 956 244 12 304 98 332 650 386 648 362 136 366 747 413 652 27 427 8 49 127 576 381 238 443 955 158 88 174 405 844 281 537 410 323 692 285
582 622 892 321 967 566 194 445 207 238 643 1000 196 193 95 419 149 302 172 117 242 790 189 23 422 628 772 924 712 788 871 967 150 356 70 336 128 748 352 609 224 936 110 582 617 973 449 535 853 924
601 799 857 710 142 473 633 713 20 277 888 923 910 743 257 365 457 797 954 663 907 624 967 146 365 33 899 449 557 845 784 264 762 20 246 226 635 50 497 340 942 424 132 773 864 251 446 685 261 604
577 858 946 387 884 423 975 106 696 983 154 792 87 267 713 189 543 186 822 858 902 514 730 399 884 438 526 400 341 113 841 744 888 643 991 594 120 240 998 634 807 480 816 392 789 491 539 253 890 354
722 919 977 435 818 961 367 415 925 540 638 578 163 17 399 458 187 653 806 681 787 761 379 71 868 242 840 450 702 880 576 175 413 338 791 538 483 701 224 959 410 615 124 627 915 868 465 594 870 73
870 408 416 433 489 594 639 874 577 956 17 507 508 814 293 859 519 215 613 634 500 408 529 978 572 275 105 845 855 325 262 138 687 867 96 407 309 555 406 252 664 466 182 823 857 423 191 327 96 552
308 508 351 291 943 454 567 854 288 63 595 57 612 69 110 885 488 909 940 366 268 426 732 656 39 176 976 255 486 237 558 246 731 167 940 385 215 338 944 394 695 487 790 725 532 139 701 104 294 355
451 489 5 753 946 603 801 546 704 398 272 962 953 932 606 980 667 541 706 788 774 954 843 376 699 577 936 365 395 672 768 371 147 873 93 555 324 200 354 607 163 73 525 915 396 296 663 608 612 384
664 778 212 289 477 861 641 941 681 860 251 747 932 366 965 674 899 866 782 607 478 28 319 99 215 381 910 882 862 636 282 411 462 297 996 163 279 381 688 327 612 911 95 168 588 526 18 423 37 655
388 699 735 359 723 71 91 974 986 18 719 851 778 648 196 574 972 317 956 956 15 563 654 840 212 873 162 497 368 362 840 202 412 148 880 385 233 706 66 688 587 580 180 675 294 207 256 158 12 503
612 636 44 49 582 647 345 347 897 356 434 849 272 144 194 912 665 312 990 256 800 33 400 201 489 769 928 289 373 168 497 607 159 67 758 646 467 838 427 98 48 12 643 851 225 445 791 849 598 332
93 134 415 271 713 468 969 406 58 497 175 465 913 838 580 364 77 264 416 122 380 456 65 359 143 347 724 295 252 78 181 742 813 562 407 753 608 694 256 351 857 306 337 247 681 912 951 757 701 181
575 724 20 560 282 352 788 363 977 617 983 763 395 751 532 705 900 915 69 71 551 962 376 760 17 441 571 15 578 985 855 687 47 640 796 163 170 690 805 343 266 572 711 890 702 812 373 920 904 80
593 195 741 645 233 875 33 65 374 953 308 708 639 370 397 749 845 516 376 10 727 575 605 638 942 898 583 50 855 824 723 538 519 92 212 920 291 282 509 860 207 714 405 450 569 729 589 504 248 858
574 735 611 6 445 792 110 902 472 197 779 5 718 26 754 911 853 936 132 315 63 327 337 291 910 603 204 372 116 960 498 718 978 945 607 399 735 824 66 474 928 615 750 399 592 477 441 66 583 352
29 857 322 579 935 390 784 137 284 98 431 595 2 59 670 88 394 315 862 4 756 753 434 296 83 445 786 346 224 35 101 916 603 417 374 227 520 376 782 175 539 138 255 54 560 606 762 514 437 886
978 297 599 431 490 529 516 567 236 751 675 750 169 788 947 641 242 376 466 227 525 965 743 853 961 869 120 385 964 171 457 756 260 577 265 179 183 570 160 154 748 462 578 727 63 666 283 611 667 190
813 735 829 178 876 814 482 360 796 24 941 723 405 6 113 672 280 242 860 304 941 251 837 293 400 732 305 226 983 137 624 607 739 795 256 875 673 276 998 800 717 664 434 920 429 943 367 483 365 104
215 772 355 166 63 723 645 771 234 936 609 6 422 60 134 1000 296 699 926 803 834 741 458 121 150 70 42 830 328 544 411 420 3 883 870 821 359 960 965 748 55 376 482 56 456 724 984 190 905 508
830 417 82 871 306 772 867 201 510 9 224 85 139 962 286 919 692 186 529 742 558 151 65 551 405 433 957 759 147 881 316 796 52 997 111 306 903 379 637 892 486 953 799 419 599 588 983 542 698 905
762 809 599 822 32 531 730 233 900 162 382 609 284 500 506 837 630 9 785 255 766 966 657 573 557 134 887 662 920 615 887 195 120 730 383 572 529 933 547 443 809 770 757 27 408 185 242 27 871 856
683 925 724 627 327 784 282 125 53 386 697 568 902 858 987 788 926 902 291 44 914 373 521 609 199 174 913 687 932 355 461 516 289 577 572 321 210 60 739 662 78 961 546 680 378 85 873 157 20 178
8 127 574 717 199 957 273 959 209 441 64 89 63 427 371 566 298 58 572 549 521 296 747 481 1 839 826 394 886 15 940 5 926 301 389 236 660 504 209 886 832 898 859 690 418 475 807 185 651 70
302 36 254 881 845 701 80 682 107 986 91 38 701 724 896 235 75 701 282 714 980 972 278 815 639 249 745 575 575 937 433 749 103 329 112 294 376 928 269 291 872 781 283 432 478 268 56 238 848 221
467 42 957 839 319 797 488 600 579 685 340 880 567 488 518 729 972 983 667 62 780 472 979 173 607 253 161 426 908 712 267 492 908 193 436 634 97 558 64 471 666 51 717 405 572 120 801 713 508 764
559 464 196 464 311 991 804 856 986 176 784 119 928 613 540 892 649 621 594 546 983 131 143 538 410 48 623 139 911 185 469 337 991 71 66 96 27 460 214 37 9 283 719 730 264 972 901 562 90 542
514 101 290 766 274 45 342 461 532 806 766 109 290 685 295 992 453 517 783 592 177 814 350 393 586 511 927 235 896 140 549 525 820 135 649 740 991 137 857 99 981 403 472 993 510 424 191 475 711 262
359 225 862 539 899 978 844 451 989 804 25 448 501 769 678 731 362 110 199 427 879 76 388 396 764 194 523 536 995 809 462 104 475 920 66 872 803 923 674 286 473 549 933 865 594 569 191 566 584 176
979 829 243 925 639 120 547 141 384 599 912 957 797 177 249 262 984 503 523 597 801 43 468 312 92 997 42 809 815 661 487 686 405 585 682 114 541 317 32 462 516 30 629 1 121 653 547 927 514 913
939 535 602 36 835 632 402 553 800 141 586 87 977 948 388 88 60 988 146 479 20 615 6 533 194 589 374 790 480 923 456 256 435 37 209 409 66 521 795 673 359 359 777 475 235 292 186 28 301 696
828 715 823 791 902 74 149 42 44 640 536 770 118 572 549 949 833 416 808 321 359 637 706 334 407 456 253 89 781 422 153 322 778 470 196 383 852 516 174 26 909 62 435 148 131 848 883 53 925 4
920 517 394 704 403 702 490 523 44 378 129 966 341 793 443 280 986 569 730 818 611 315 858 139 147 552 727 501 396 256 802 882 484 682 121 490 351 87 820 132 508 529 204 639 280 164 298 757 516 197
76 531 440 604 968 963 519 678 879 469 804 673 57 844 375 778 486 896 55 839 938 236 638 707 319 916 240 341 272 760 106 992 85 554 678 292 729 925 610 431 235 930 697 904 200 573 699 32 565 982
448 879 624 141 738 111 105 8 95 428 272 65 818 10 589 648 945 110 877 906 845 589 488 163 626 842 95 421 521 206 398 28 761 759 917 66 437 203 943 38 696 716 338 89 810 965 794 30 484 524
70 532 849 39 726 621 401 588 907 17 752 841 373 566 520 295 771 190 250 480 65 672 297 78 654 868 621 987 829 918 441 670 898 879 810 461 994 896 86 92 50 203 440 779 646 662 409 913 304 758
564 98 209 178 619 324 430 561 137 161 332 642 423 202 67 235 622 491 134 663 953 500 648 618 817 104 962 211 184 754 112 220 597 198 722 318 518 554 319 824 789 690 226 374 547 571 500 4 605 23
588 404 813 402 722 648 574 479 776 932 982 612 276 724 154 17 969 271 130 580 907 606 1 818 341 195 341 658 780 240 218 540 302 44 567 308 809 166 782 989 374 744 144 159 615 166 580 78 286 812
25 847 492 151 17 677 905 331 467 282 89 487 284 206 700 955 900 361 219 736 747 838 248 117 350 934 535 81 701 169 543 244 629 461 727 902 447 393 896 829 57 774 797 260 994 170 626 367 921 533
892 915 136 704 272 601 628 487 794 292 521 463 328 571 984 224 613 482 156 819 397 859 409 295 977 712 429 716 359 609 213 792 963 521 259 800 558 548 6 666 466 254 63 218 727 82 475 178 429 378
509 227 438 672 30 952 589 857 385 640 731 647 287 84 470 489 97 102 447 387 476 785 774 387 391 54 370 61 315 667 301 291 554 295 444 6 395 867 793 49 533 536 907 337 354 782 694 126 267 767
324 915 64 272 725 300 837 507 302 707 870 517 550 884 825 289 803 717 441 899 480 752 112 649 861 865 68 883 266 380 119 138 85 270 394 505 372 736 96 699 989 465 545 948 897 374 168 402 494 958
149 624 373 825 89 250 846 118 496 279 462 830 202 194 321 308 823 19 375 498 653 493 623 700 707 535 314 91 957 112 847 368 877 989 650 561 297 46 886 494 404 160 839 162 448 559 224 304 859 332
678 363 359 173 528 248 931 775 167 176 227 740 984 728 124 250 605 579 556 562 508 924 127 251 351 39 290 569 651 841 588 263 141 241 926 988 904 203 279 529 528 126 681 27 682 380 876 146 197 409
219 595 66 518 814 824 28 445 773 202 933 32 577 733 739 497 493 292 16 502 624 978 362 733 45 890 993 174 580 233 192 263 391 173 208 860 629 173 546 111 90 208 615 312 461 431 424 289 570 92
322 679 456 100 192 516 446 286 149 871 218 82 572 136 645 556 666 227 662 991 198 107 20 38 201 764 400 63 485 457 481 481 743 946 201 16 375 687 635 424 539 419 8 282 787 600 616 383 713 637
666 939 887 188 917 534 757 773 2 368 132 96 319 401 24 213 863 767 806 727 73 50 617 103 789 773 62 324 868 437 738 987 163 317 425 783 162 401 345 642 603 259 629 694 416 520 86 835 183 380
50 85 573 952 357 638 947 930 694 187 667 770 830 210 457 546 696 872 632 907 82 55 952 245 310 364 841 9 270 418 278 381 888 187 178 491 680 655 1000 395 296 427 607 553 692 489 720 460 583 294
243 596 284 662 537 782 811 512 839 420 749 747 962 49 455 637 617 364 39 427 182 285 378 225 266 251 795 43 538 701 534 785 152 617 113 336 118 663 390 176 468 929 240 761 823 607 890 482 535 2
282 146 840 717 921 97 808 299 937 720 510 906 949 2 121 481 702 840 966 155 67 532 336 999 846 362 858 991 966 545 991 268 57 784 486 109 455 732 266 585 853 397 342 816 309 720 815 772 917 861
403 939 543 994 80 133 158 220 286 279 906 829 345 435 163 884 13 596 572 855 415 756 486 310 939 224 596 133 116 561 380 245 396 108 721 180 387 993 542 182 794 357 896 34 683 611 109 149 617 743
318 733 240 798 800 526 627 127 879 229 708 195 474 729 784 328 116 967 616 340 834 728 592 287 341 686 812 184 251 20 91 514 532 893 139 481 935 439 467 341 848 920 931 441 52 543 654 828 914 672
621 527 297 704 569 13 200 833 864 709 354 404 99 291 590 902 667 546 939 403 781 505 238 117 402 889 364 214 880 842 868 553 583 532 970 814 212 182 160 844 284 242 401 844 825 267 81 263 137 440
385 815 508 15 819 995 550 428 62 592 686 925 414 85 885 47 576 17 228 973 119 115 437 181 135 774 243 672 576 570 370 966 36 925 337 56 816 655 740 347 424 809 136 147 704 979 326 223 890 873
986 502 393 839 964 66 665 741 511 344 838 246 293 635 657 333 243 52 919 770 164 558 710 617 946 551 372 196 517 90 317 843 245 298 435 532 660 840 81 781 801 341 130 41 67 131 160 837 145 185
183 738 580 675 980 988 215 710 440 402 788 266 943 82 751 539 645 857 729 238 53 817 680 967 130 171 636 769 221 450 356 838 338 234 496 737 941 402 450 799 753 952 988 824 749 970 586 763 381 716
749 482 629 197 71 587 348 799 698 964 506 952 867 858 80 557 540 874 691 429 723 716 909 696 378 881 480 851 63 77 715 622 561 403 298 579 63 257 543 12 976 188 503 567 303 797 788 450 306 6
810 756 368 204 361 990 797 776 5 230 909 561 125 935 82 308 343 644 498 739 503 572 266 118 225 231 530 444 518 692 310 780 187 675 122 468 46 479 930 493 121 346 137 118 805 334 511 862 597 396
434 368 432 420 209 335 952 141 561 99 470 347 21 608 956 877 402 428 58 334 43 745 443 225 987 716 538 404 694 358 425 362 141 536 555 129 944 297 42 124 1 412 566 155 413 729 157 838 124 101
268 239 240 407 96 827 329 621 276 359 40 806 936 35 806 332 6 46 619 465 27 474 282 166 267 767 252 663 802 225 274 223 778 527 373 50 931 502 324 705 652 294 102 547 227 682 901 17 396 525
918 549 76 252 847 42 75 313 586 955 177 385 355 773 535 122 39 285 934 596 237 818 664 637 646 829 657 175 155 799 240 558 399 929 368 153 570 408 542 385 965 996 767 645 914 750 438 768 300 337
491 780 343 124 667 452 593 308 75 494 644 152 479 409 319 70 300 119 355 396 741 156 761 990 280 247 15 232 848 776 370 573 772 729 783 575 805 515 67 220 966 513 323 598 45 122 165 74 487 407
334 64 116 581 913 628 978 983 361 750 751 943 407 273 333 864 26 139 986 813 806 815 198 158 505 958 273 651 268 12 150 813 753 661 299 353 808 906 761 506 190 999 129 153 789 992 690 575 16 119
451 353 463 651 320 814 398 748 41 865 215 471 278 81 620 253 288 528 261 899 470 534 287 841 344 311 429 519 806 784 515 509 377 532 203 847 171 680 434 441 320 945 747 394 535 981 870 347 608 475
470 637 943 319 961 906 36 538 523 537 463 108 979 871 991 674 79 460 145 218 879 651 576 59 435 527 509 863 995 559 989 580 410 232 328 970 486 152 928 877 29 449 870 239 597 379 412 577 656 264
523 530 336 473 583 386 468 107 469 991 718 572 854 229 374 689 143 777 431 725 27 545 273 374 577 758 524 467 267 610 312 877 879 380 223 575 110 737 261 416 891 735 258 373 903 691 591 326 913 808
28 898 219 454 1000 377 476 935 720 325 164 516 979 454 352 824 150 609 364 627 628 33 959 564 333 789 754 694 950 158 812 469 5 824 812 171 623 724 923 423 125 71 652 628 147 681 129 814 334 320
682 527 632 291 708 94 221 770 170 258 931 353 797 652 997 455 948 917 353 197 367 474 655 781 847 303 376 438 730 957 510 771 976 720 167 199 971 156 555 822 922 909 359 235 225 510 905 411 461 942
460 118 450 887 642 597 321 65 15 317 601 595 843 964 245 395 511 662 122 766 811 172 195 957 758 775 650 866 642 259 241 795 621 473 333 285 695 249 642 568 303 314 228 680 617 334 438 127 818 340
746 795 84 776 911 164 266 911 755 1000 772 795 762 839 526 121 679 54 657 60 1000 397 542 678 130 397 204 23 901 794 840 163 486 40 192 737 637 166 143 650 857 87 356 526 339 294 252 462 864 157
934 295 933 263 130 773 242 85 591 703 661 594 511 964 650 957 519 140 539 54 348 396 406 701 876 246 644 836 523 703 195 571 432 19 579 849 728 123 599 77 386 723 832 290 30 363 120 967 795 529
815 881 939 737 284 497 375 957 835 201 670 755 603 840 490 503 204 84 86 308 50 638 776 311 339 170 289 292 474 847 304 731 266 678 70 132 732 963 139 982 373 942 729 485 664 11 943 700 620 691
575 565 545 472 138 69 900 733 585 356 895 94 597 953 133 761 7 995 817 900 183 470 876 57 825 551 54 834 602 802 912 301 758 712 706 911 804 778 129 233 95 314 995 783 88 854 190 836 167 341
586 948 330 706 494 136 643 222 837 915 172 906 710 412 660 950 432 950 445 654 245 289 312 460 967 631 596 205 445 928 410 143 484 868 90 768 7 372 763 65 255 147 364 737 681 89 45 262 325 69
482 653 4 315 887 669 681 172 296 350 927 665 766 616 426 135 471 413 547 332 607 609 932 786 751 20 422 503 194 31 360 831 325 909 13 395 670 178 547 433 182 621 807 993 445 802 976 843 669 341
733 361 540 263 445 271 271 999 251 52 98 703 389 757 193 18 544 110 803 219 281 29 399 66 251 980 19 96 360 510 833 441 781 765 429 381 354 364 645 601 148 562 350 563 492 729 292 876 752 379
172 764 147 389 414 159 883 709 317 574 930 699 619 184 736 309 268 399 75 801 409 852 670 735 175 213 751 395 367 78 255 385 854 890 757 948 723 534 951 247 288 21 484 306 429 968 5 106 965 692
612 405 628 558 197 42 955 86 209 194 75 546 269 890 947 756 942 912 763 667 785 790 267 4 39 162 242 131 888 977 876 553 433 919 953 889 323 548 307 271 550 275 150 736 724 271 460 596 661 400
884 406 932 641 884 34 849 376 739 954 36 489 469 127 28 75 872 928 928 414 262 52 55 999 874 435 378 527 833 602 744 656 988 611 252 850 164 17 941 960 404 414 737 860 485 770 562 65 428 694
37 388 8 765 470 940 506 229 409 208 390 701 771 804 645 655 378 893 465 439 357 257 38 989 23 795 243 382 110 785 654 262 826 899 760 635 961 877 927 109 548 37 552 298 361 29 13 970 168 24
771 569 521 750 648 639 760 710 228 525 625 519 262 591 894 603 488 792 820 524 728 923 577 573 172 214 602 974 81 77 588 531 691 306 384 573 864 895 613 11 818 984 608 802 930 505 92 909 633 19
702 860 737 345 136 858 165 517 989 731 10 267 371 225 699 549 362 370 272 683 825 494 792 214 713 777 27 191 86 71 144 928 208 633 893 51 734 739 597 250 340 788 700 451 925 985 261 929 642 622
959 658 195 914 113 601 722 314 139 735 526 212 641 822 54 217 474 983 957 854 879 517 180 286 885 430 829 112 278 862 68 717 920 474 732 746 965 264 223 542 957 936 374 50 279 702 86 36 878 131
425 706 278 567 101 925 497 152 408 977 305 562 861 346 194 241 305 903 147 555 432 888 766 350 987 589 699 587 563 113 806 275 892 193 537 751 262 375 362 966 188 369 317 611 619 238 738 858 735 676
169 581 764 808 367 950 862 966 987 634 707 580 296 34 75 490 499 507 910 160 738 562 904 903 227 235 345 196 742 555 128 974 340 405 623 453 286 576 462 943 221 895 896 919 698 3 721 310 613 873
763 488 340 825 536 40 392 956 660 449 879 338 750 763 942 373 866 842 203 868 499 794 213 808 68 280 552 163 834 69 49 211 149 63 240 716 327 153 615 231 499 233 866 18 384 763 131 403 259 835
417 450 438 512 803 397 42 387 64 482 512 487 521 158 436 953 462 547 489 109 544 451 963 659 211 154 351 909 844 398 490 810 242 911 998 111 703 448 338 369 470 434 169 211 81 476 616 786 184 949
145 962 647 289 835 734 57 179 212 147 947 871 593 585 270 245 200 22 728 570 364 969 375 648 400 851 70 717 31 667 735 628 161 749 108 382 28 105 980 229 963 18 558 66 469 639 911 431 2 183
799 567 580 678 938 362 191 341 202 933 280 220 840 605 71 31 582 316 444 632 73 691 231 42 662 56 388 519 705 854 204 785 976 31 232 644 124 73 247 718 424 881 538 216 668 358 290 181 380 220
432 717 515 874 773 891 960 785 104 129 934 325 360 627 459 807 71 947 524 461 212 133 551 779 445 920 539 659 413 86 780 334 254 920 78 572 362 517 896 235 935 770 440 568 815 852 293 638 487 43
532 229 352 578 375 829 925 181 369 224 590 294 887 350 512 748 266 994 405 847 484 105 88 882 265 535 539 441 834 878 543 85 309 484 253 77 709 229 168 501 919 628 531 503 494 911 888 496 290 12
204 456 918 187 501 272 990 875 493 545 67 837 95 643 543 622 145 485 615 909 466 733 428 646 574 530 619 348 273 516 932 391 139 746 153 904 301 899 334 454 36 745 438 222 934 956 707 916 900 433
995 501 254 206 713 405 417 276 217 437 764 577 778 181 605 841 670 748 414 952 568 29 930 413 310 462 218 585 692 91 720 969 532 31 242 105 853 629 267 658 362 652 452 465 401 299 411 388 49 765
604 366 73 792 854 129 656 948 24 768 315 388 40 824 10 499 217 242 733 813 399 927 396 825 818 270 419 587 821 838 392 743 285 830 243 624 439 812 186 337 635 434 407 31 125 600 515 193 185 652
139 61 435 516 315 179 702 466 43 877 394 344 700 110 258 567 908 846 267 806 411 837 361 507 43 957 50 676 957 754 573 51 297 729 976 630 744 378 422 475 257 306 905 564 227 531 281 504 379 42
882 129 553 435 109 498 227 304 485 995 41 221 918 756 5 399 610 253 717 274 15 865 49 932 593 629 851 138 17 721 87 923 743 271 169 762 53 703 279 159 42 234 881 178 39 717 675 600 380 259
93 310 761 487 982 502 443 202 502 964 521 456 601 280 448 408 797 764 111 176 958 119 570 233 550 589 794 3 483 543 29 728 692 837 78 850 432 765 55 991 530 863 639 182 983 275 474 587 15 837
85 712 750 843 185 347 992 577 637 979 701 841 275 905 738 655 840 570 695 38 329 344 566 621 461 601 343 107 913 93 150 616 406 644 982 606 65 171 962 163 496 871 676 928 799 441 494 974 302 270
376 825 18 655 789 820 870 356 898 667 781 830 137 47 209 847 81 966 672 210 442 49 417 900 198 612 566 134 759 621 933 33 428 588 67 3 3 692 982 950 383 909 415 71 729 420 147 40 502 764
160 45 780 418 975 183 787 878 469 201 972 383 920 422 164 965 453 68 388 838 579 846 651 757 959 776 731 987 264 367 619 794 741 87 430 987 421 744 160 11 699 810 343 551 804 9 263 570 995 916
802 699 229 943 343 967 55 185 254 998 105 741 430 468 284 358 848 467 782 172 90 735 198 97 507 602 789 861 80 135 313 243 983 813 554 501 949 596 326 484 787 527 2 697 743 958 222 878 668 927
775 92 741 186 501 359 956 806 814 291 530 737 382 275 71 104 7 993 298 40 456 201 358 594 721 497 32 199 35 272 289 595 912 531 603 724 829 565 209 88 37 988 39 911 244 896 617 109 541 564
942 611 908 149 623 544 341 890 320 560 747 15 464 704 937 585 343 309 526 625 656 220 60 347 749 915 135 816 181 243 163 550 707 335 482 492 289 676 347 942 518 738 615 263 164 146 987 763 240 690
10 127 330 474 415 583 508 313 768 369 663 967 293 155 329 481 884 642 77 551 103 657 8 570 71 398 776 170 626 854 827 151 727 842 502 543 715 999 800 228 562 287 819 250 848 284 747 918 780 298
681 833 634 663 672 25 165 53 23 755 282 411 361 927 194 692 509 348 226 289 770 451 158 591 385 203 305 170 374 730 937 29 388 854 893 516 213 382 601 759 308 879 584 774 804 481 891 276 391 280
5 930 695 288 241 941 248 56 599 69 994 962 173 974 123 267 775 632 419 4 433 13 6 171 192 229 338 248 856 149 706 721 614 951 390 9 49 513 568 719 391 319 597 893 681 78 566 304 70 902
478 785 428 569 685 254 235 244 789 209 119 5 201 124 148 385 739 88 838 358 366 78 676 760 688 309 923 702 607 112 702 575 63 827 320 287 265 825 259 855 519 738 946 669 785 143 370 433 971 700
835 979 922 548 319 135 91 589 776 807 641 704 389 114 899 41 359 86 170 31 538 688 347 441 231 316 630 708 56 178 607 59 78 447 841 280 886 853 88 47 903 202 835 530 914 943 875 541 659 677
753 104 304 177 238 477 157 856 735 987 117 437 440 802 449 256 760 738 420 368 703 957 923 246 226 57 412 651 199 920 422 976 842 888 688 887 347 328 586 570 403 765 263 511 313 974 272 809 688 510
686 759 317 274 946 51 859 851 597 440 312 820 23 846 561 683 537 195 679 118 451 431 648 311 850 823 607 591 904 943 185 157 548 403 560 628 992 213 212 441 400 986 801 752 219 851 297 668 186 747
137 544 742 809 165 993 924 238 27 66 414 133 340 218 690 230 50 284 658 889 72 466 937 921 998 426 5 879 446 603 406 931 228 240 946 956 160 630 551 121 966 589 917 518 356 310 633 368 41 415
930 807 758 792 633 3 410 268 558 592 425 763 519 371 213 730 197 984 610 557 593 157 169 718 191 299 694 231 599 835 53 688 6 327 856 519 434 866 358 89 578 329 474 135 274 604 863 818 200 625
813 531 507 438 778 563 609 667 47 991 314 649 372 701 885 531 106 638 857 523 934 416 933 54 564 15 831 89 912 485 500 354 89 187 731 889 634 919 339 549 718 608 33 265 273 71 984 633 682 869
760 447 531 27 465 989 645 342 388 929 583 507 78 712 823 997 665 508 34 718 464 607 803 905 253 623 77 847 320 178 266 753 597 744 2 473 730 217 50 295 639 964 648 583 537 808 28 598 2 27
945 939 360 760 427 849 201 584 656 103 851 815 735 292 157 205 704 196 225 201 566 938 480 626 18 845 708 933 122 356 683 318 210 116 69 817 104 513 757 136 97 257 447 131 878 792 610 119 108 189
361 746 989 438 654 175 869 156 787 532 846 172 695 984 73 53 212 765 940 634 973 533 70 789 705 12 218 588 626 471 729 432 92 261 276 574 973 443 708 820 969 431 501 199 867 361 455 17 810 264
701 771 613 362 532 289 886 589 473 43 13 171 344 512 728 421 395 411 824 365 492 221 871 640 144 67 138 945 862 518 748 890 146 327 935 473 310 914 513 893 489 652 897 757 7 610 678 437 433 14
608 557 523 725 412 241 631 24 845 752 391 179 780 123 378 372 195 354 623 312 145 963 580 887 686 157 285 559 309 268 570 410 558 535 218 802 255 374 744 510 191 15 788 739 300 523 581 373 566 879
610 328 510 755 134 887 914 913 736 435 961 434 246 549 510 949 224 510 933 802 886 679 219 213 210 149 353 451 349 860 545 136 766 273 870 983 673 591 159 568 252 401 682 208 662 467 284 414 72 104
40 838 910 332 152 720 220 882 987 852 561 290 115 374 989 540 618 834 679 212 997 6 515 314 700 640 405 528 211 129 744 506 346 269 815 418 32 217 919 870 509 10 751 363 35 309 894 602 236 176
530 634 423 120 241 713 267 17 686 440 139 222 78 52 870 490 244 433 607 19 72 516 499 24 816 35 807 575 641 828 973 756 575 533 225 606 667 170 684 839 421 516 255 169 831 37 850 180 851 659
141 777 530 414 184 536 190 629 159 560 400 175 320 456 342 864 230 397 72 84 641 822 636 271 516 611 301 110 150 99 310 446 672 741 740 204 54 669 669 500 947 1 139 977 6 219 615 606 971 81
71 203 950 229 787 327 504 419 328 851 626 119 700 728 380 847 404 692 271 18 914 261 982 703 955 336 399 987 813 559 42 514 738 63 588 907 271 651 951 93 452 757 366 350 661 727 446 191 338 99
732 214 960 985 463 148 676 717 980 16 796 252 133 139 780 80 57 373 828 548 82 223 754 414 553 302 379 87 612 146 235 372 446 423 938 67 189 322 695 216 861 315 511 277 934 197 343 48 45 243
133 773 695 263 39 705 259 567 295 553 875 152 834 192 932 208 436 494 515 728 236 803 937 940 347 427 510 502 940 799 24 886 933 278 982 69 118 938 431 380 888 376 139 451 8 25 407 99 403 306
67 855 247 569 802 679 920 224 954 550 408 640 334 991 499 844 434 205 643 891 945 243 412 587 113 14 621 241 586 773 413 658 296 879 663 892 488 452 395 803 836 241 171 643 50 705 760 393 929 555
764 710 913 779 570 178 614 441 691 329 147 819 543 639 205 286 709 999 720 302 491 547 974 766 655 673 836 840 133 683 547 181 883 174 931 90 820 487 131 606 279 373 814 945 99 185 776 102 905 620
