714 321 345 330 92 434 303 445 318 84 109 482 814 358 893 164 940 503 133 606
879 712 282 138 572 347 592 810 907 987 526 705 896 592 297 927 215 315 425 524
420 590 722 376 568 406 441 737 61 174 934 178 649 175 10 691 771 403 249 772
846 153 627 996 988 182 413 747 429 371 731 320 925 197 940 506 151 959 249 197
500 643 272 151 740 271 955 861 991 337 457 348 682 537 217 176 65 358 113 280
371 90 545 326 252 670 543 806 190 891 957 486 645 712 811 769 957 710 817 380
897 353 101 342 173 966 92 396 235 180 612 756 891 958 625 288 8 788 43 383
549 813 72 223 594 610 506 229 205 410 985 991 847 132 252 395 91 834 992 699
678 330 88 490 820 759 354 536 937 158 385 885 220 511 273 440 172 649 666 185
770 336 15 978 703 991 491 264 203 453 791 106 994 687 243 414 215 596 125 736
51 146 672 832 862 463 783 111 620 822 318 432 8 275 792 734 919 565 71 579
486 200 867 213 310 564 649 71 857 904 576 685 114 548 727 123 146 47 960 301
614 664 787 224 42 137 511 870 691 227 735 979 374 449 474 26 414 524 168 931
703 227 706 885 775 196 265 227 681 930 897 35 430 832 185 115 667 290 31 549
688 698 665 331 735 223 838 146 454 838 898 292 188 874 904 663 451 8 968 33
832 275 342 994 941 688 13 179 387 52 781 883 801 254 1000 532 871 440 742 283
827 71 781 549 268 816 982 987 577 983 316 832 827 501 817 281 56 660 246 910
258 924 260 88 784 870 270 949 477 628 259 493 479 2 404 180 57 227 303 495
359 706 667 992 962 934 744 300 751 809 195 403 907 152 20 424 16 395 415 398
785 324 61 710 485 620 73 96 925 135 13 92 682 654 167 765 525 395 398 328
639 780 13 96 509 346 106 310 359 599 455 936 745 808 234 235 620 761 220 242
408 980 25 586 791 944 153 735 152 558 521 282 162 976 526 8 929 517 213 715
93 931 301 650 607 169 28 994 852 642 854 330 85 618 303 453 579 532 690 450
2 693 677 716 938 994 654 849 904 948 755 628 644 279 783 507 348 941 706 93
151 844 524 862 533 627 985 285 860 197 226 441 17 55 895 166 722 89 890 315
710 111 267 304 465 982 430 610 509 840 201 221 356 671 117 857 815 723 378 126
212 675 925 161 275 56 161 540 98 760 972 529 696 349 702 105 865 416 97 323
51 993 108 365 396 83 579 354 37 111 175 842 882 413 270 92 148 49 58 927
316 598 511 751 932 616 965 684 981 79 858 956 822 438 454 386 787 533 469 122
4 723 648 18 551 630 400 988 133 551 26 836 311 769 438 415 267 932 358 749
381 430 582 961 948 252 333 776 584 225 795 282 616 896 907 213 418 595 665 909
154 131 761 630 82 81 104 667 225 912 946 892 82 571 276 322 787 287 72 602
949 493 703 187 41 313 745 262 502 551 438 374 413 696 161 218 976 101 855 943
378 985 53 753 952 878 288 113 374 290 365 383 680 609 996 215 883 751 552 986
72 585 721 894 818 689 190 661 227 573 530 279 74 775 181 441 294 856 428 696
925 63 353 720 312 100 491 528 101 271 35 116 857 830 745 682 25 172 963 955
312 86 43 172 729 638 296 14 733 91 855 330 623 198 910 514 495 237 618 852
691 566 809 341 803 109 114 89 121 631 90 979 564 684 361 666 197 457 457 775
524 642 809 86 221 814 195 424 64 860 655 150 778 585 839 79 200 250 313 442
914 245 326 692 873 318 551 212 914 156 237 559 986 167 375 31 878 995 140 341
916 397 535 449 82 214 703 258 446 348 756 292 920 439 789 146 708 164 32 614
573 312 63 798 298 365 918 229 5 849 567 589 855 755 815 840 265 789 263 895
897 756 257 691 808 713 271 382 699 427 1 139 152 10 775 542 389 483 562 28
849 461 744 492 922 593 651 100 627 629 76 630 287 436 865 487 115 897 170 684
81 277 465 569 562 361 340 773 924 349 659 99 864 122 296 130 486 34 236 386
702 69 386 334 206 545 79 878 850 148 468 775 128 865 58 744 32 636 386 806
747 588 778 259 576 290 378 20 601 204 877 149 409 256 985 571 106 586 81 578
235 671 207 1 961 992 306 221 948 15 665 375 785 654 866 776 472 327 1000 345
324 941 166 341 548 26 604 568 490 116 84 797 383 741 567 742 750 80 326 62
263 606 504 854 117 953 155 839 305 39 851 620 347 232 193 914 51 269 159 749
885 901 396 360 518 946 633 513 340 897 111 65 454 826 41 708 391 498 134 20
300 8 362 375 32 502 146 439 115 229 458 66 832 691 607 559 273 819 786 685
94 379 562 988 221 210 53 503 875 26 243 120 375 445 757 249 932 549 639 647
127 307 493 510 682 625 134 857 854 442 33 730 831 988 829 79 963 294 891 625
247 196 310 19 590 630 836 1 216 712 745 669 256 798 995 848 899 626 379 957
750 871 109 470 397 798 96 136 927 936 573 394 35 416 86 886 534 703 372 99
600 802 296 19 943 63 315 234 646 140 867 586 585 695 439 925 504 444 650 213
138 346 516 669 258 928 693 71 664 64 87 80 707 201 878 454 801 19 660 860
178 275 544 70 373 583 787 890 542 758 822 36 495 34 862 757 709 95 334 202
66 631 395 913 808 310 908 961 148 58 312 255 935 765 805 679 873 456 816 271
164 764 804 667 560 447 171 638 22 895 240 243 699 864 30 874 89 194 344 567
299 645 506 966 488 534 156 840 10 818 183 384 57 263 706 256 224 359 884 411
701 680 902 6 968 170 974 563 742 887 941 934 925 395 952 555 302 155 432 33
585 769 725 847 287 26 698 946 92 232 811 266 535 228 401 161 79 872 893 407
756 854 671 177 149 38 969 542 795 906 528 884 91 125 999 235 881 98 71 361
317 395 749 968 800 158 284 484 418 930 498 998 84 586 160 238 954 287 967 603
954 934 500 147 354 833 530 569 475 962 538 42 996 255 646 484 492 571 466 36
850 573 328 78 566 819 737 389 759 227 949 11 901 838 7 544 843 112 748 817
453 707 225 152 844 308 640 244 981 347 830 157 230 528 80 869 58 226 88 79
699 310 378 974 531 813 167 468 718 416 768 970 638 612 271 441 114 724 433 428
709 210 150 73 423 957 686 441 433 139 428 956 504 337 575 395 306 460 363 625
2 810 802 108 539 733 270 726 28 790 231 289 864 828 602 934 996 286 491 769
497 193 5 883 915 360 640 121 452 206 63 324 394 104 516 317 276 702 570 579
956 138 308 400 12 635 37 103 977 104 963 311 405 762 89 206 858 391 409 479
47 75 128 287 981 883 466 382 34 124 13 661 596 320 648 69 613 728 468 52
325 662 25 216 57 652 481 883 38 374 785 960 758 662 961 654 368 84 936 434
432 798 262 706 417 460 130 899 229 474 572 167 737 806 769 463 577 721 712 438
123 19 800 328 963 537 971 212 908 108 693 20 60 373 768 690 279 878 816 367
349 653 128 417 627 171 938 981 314 431 807 924 991 753 359 480 13 609 411 756
264 815 490 618 64 868 483 135 99 53 539 998 906 705 784 316 485 643 357 215
986 82 247 707 563 747 363 812 192 629 531 676 364 672 168 739 349 294 104 729
867 603 147 291 758 227 378 911 732 874 465 418 177 349 906 342 25 85 181 598
329 490 932 517 98 732 539 8 968 32 788 680 248 749 234 588 539 95 421 949
820 817 211 35 583 172 209 778 902 857 724 749 216 436 582 208 202 313 95 988
572 529 380 92 283 369 21 966 33 680 74 314 612 516 317 232 493 717 176 72
954 993 488 549 70 670 73 566 190 771 72 671 697 416 173 649 915 74 498 42
894 234 257 29 16 939 918 532 883 548 51 407 910 207 378 153 407 324 79 647
726 319 480 704 601 878 548 863 948 453 744 234 725 828 864 100 906 486 63 415
491 849 269 629 997 185 37 533 583 749 2 62 87 891 749 148 485 640 133 122
490 120 219 299 813 966 140 826 832 935 895 42 345 664 942 271 901 254 187 835
310 552 1 412 195 267 646 238 655 257 931 392 348 678 494 430 902 861 8 173
924 172 710 949 871 322 365 930 651 938 617 514 895 35 723 873 11 836 78 552
591 856 902 971 322 49 561 59 130 153 627 644 963 303 287 137 302 615 359 625
80 679 669 767 277 874 805 270 590 313 931 566 829 445 109 451 317 927 342 508
238 770 977 201 515 505 269 418 122 82 290 688 355 450 605 923 840 518 864 874
937 476 82 930 564 479 717 851 322 490 164 309 20 692 47 489 875 19 71 684
139 587 106 239 879 647 861 450 143 601 889 502 421 796 390 569 291 397 147 369
591 135 229 269 775 229 243 166 399 484 599 662 301 336 530 704 364 694 994 768
80 791 111 93 749 944 654 672 843 799 742 290 950 377 803 795 253 367 622 773
908 337 594 125 360 836 680 401 89 343 541 255 715 727 846 881 666 911 270 840
248 373 344 285 508 191 839 497 891 95 840 672 375 767 364 680 261 214 922 409
169 438 826 931 211 693 421 553 317 727 318 344 802 100 143 812 521 96 320 8
149 739 584 217 46 595 335 890 484 780 110 288 866 753 347 6 927 981 528 92
201 584 383 757 362 986 28 350 252 604 852 103 437 701 471 94 934 535 375 523
537 705 442 731 237 607 514 301 641 805 135 209 748 882 501 514 926 764 460 261
795 25 43 512 10 41 78 764 698 425 463 436 212 799 848 428 6 943 323 946
995 335 129 188 46 266 388 265 578 605 265 462 934 684 270 902 919 41 495 616
600 63 760 697 170 964 896 138 78 263 223 986 2 993 401 684 706 532 681 485
651 32 888 322 341 769 909 693 700 46 432 825 570 660 108 345 762 368 362 945
599 483 105 28 385 883 721 152 268 687 707 698 190 781 996 549 326 631 374 254
343 925 499 972 907 618 797 184 920 77 308 188 654 700 485 672 220 116 964 472
753 405 35 788 226 159 321 296 171 438 571 284 96 241 506 139 974 437 509 501
763 663 433 597 734 334 934 246 677 686 578 180 312 805 288 888 795 570 628 478
848 16 985 430 301 892 456 646 143 957 65 228 438 378 187 291 10 452 271 413
125 321 935 368 523 851 615 341 756 422 643 478 197 772 737 793 515 797 269 100
498 757 995 444 993 86 782 385 868 642 17 469 526 226 340 200 806 921 519 505
836 435 832 491 847 137 579 669 316 38 808 319 946 143 114 310 717 879 145 168
863 45 80 44 126 695 97 49 986 913 389 323 431 690 640 4 530 904 779 830
347 755 236 783 873 319 990 25 291 53 139 864 223 668 21 228 944 386 79 991
639 878 949 475 901 247 710 88 583 827 935 335 759 703 137 866 478 205 763 150
76 73 354 198 728 33 699 322 448 419 250 612 924 772 181 227 214 208 89 610
478 906 526 74 727 79 38 953 636 667 511 113 178 658 545 891 857 39 7 141
62 934 4 219 316 859 534 972 776 230 853 380 532 230 92 837 871 585 763 89
710 521 815 200 483 128 75 32 430 589 34 298 637 490 71 707 973 131 387 194
757 880 762 797 312 328 243 408 334 243 73 848 149 113 349 87 432 581 568 924
778 74 104 925 135 744 760 110 918 543 885 383 832 227 206 64 246 329 115 272
941 985 137 472 532 406 319 539 819 956 527 655 496 855 29 218 512 633 116 524
873 739 923 982 634 425 593 747 457 33 976 353 828 712 775 207 816 414 795 455
833 399 777 676 171 970 448 464 595 79 50 881 616 495 854 370 289 725 699 250
210 10 234 231 71 591 244 244 6 932 337 751 17 53 989 467 242 433 302 235
494 716 839 820 639 448 113 666 425 655 85 577 952 751 827 87 281 541 373 825
996 901 756 193 359 819 844 396 966 723 962 190 602 447 578 662 89 197 110 578
137 955 676 560 490 536 988 15 120 998 440 359 759 386 600 467 360 93 161 731
482 442 289 890 549 171 756 74 705 434 541 441 880 784 995 470 518 539 660 71
593 514 747 283 192 745 532 480 449 276 277 182 18 254 306 782 109 105 843 830
712 657 52 144 559 714 451 375 376 993 606 55 832 154 582 185 736 463 833 408
608 64 425 439 346 331 394 406 337 189 175 321 630 742 92 21 300 470 132 376
814 576 364 145 866 31 214 955 50 437 605 272 718 546 996 559 365 28 168 632
974 642 20 713 967 935 721 813 651 812 174 718 135 933 898 148 480 969 83 150
165 808 341 258 843 469 809 288 874 303 725 106 463 288 458 41 315 567 966 461
462 619 88 472 510 549 381 810 774 510 100 698 58 675 256 667 976 852 774 228
319 530 441 176 455 920 480 415 114 579 447 956 112 81 258 629 114 827 787 508
436 400 729 572 734 869 894 425 300 318 95 385 776 878 751 327 337 292 627 277
82 923 337 358 172 395 297 885 808 653 648 472 23 86 238 11 732 826 106 748
304 976 102 845 677 337 197 338 211 464 751 383 143 142 682 120 385 442 537 909
996 867 373 676 979 968 715 797 86 468 210 996 44 402 485 451 247 548 783 592
546 739 149 4 898 888 306 791 916 713 246 58 829 501 545 39 605 450 973 490
385 428 749 984 310 867 94 753 813 544 936 362 856 319 821 202 201 630 499 112
921 387 179 468 848 819 316 916 211 332 709 189 879 811 883 474 126 757 684 482
926 656 423 955 122 137 856 335 307 582 79 590 209 255 162 555 466 867 830 349
130 539 824 830 737 445 310 243 388 426 289 469 205 133 437 115 798 205 75 940
798 437 989 248 619 423 493 964 988 481 412 196 241 359 596 262 287 137 815 335
801 877 329 365 910 897 318 792 807 941 884 357 168 310 43 513 700 120 575 559
832 183 959 206 956 445 702 792 768 821 153 446 7 114 884 387 442 156 977 966
935 312 366 566 995 630 38 53 506 267 789 803 978 664 146 918 1000 641 603 183
699 594 431 765 840 480 969 752 290 291 120 292 674 146 131 607 44 550 632 716
109 145 564 353 18 671 910 955 757 716 187 9 17 377 614 22 678 490 694 353
149 748 414 317 519 127 559 744 578 593 939 393 359 58 642 255 303 937 341 593
321 19 889 726 319 759 532 973 481 67 388 353 662 268 783 756 849 876 283 290
744 886 849 487 953 321 145 479 803 78 737 243 199 459 894 694 603 599 744 142
460 86 253 337 400 846 12 5 94 562 294 610 802 379 789 842 628 229 394 583
576 963 399 335 861 275 329 752 487 249 282 130 719 40 909 87 470 617 643 478
222 964 351 452 779 975 924 210 119 902 414 59 683 947 618 996 879 764 132 221
685 668 400 412 252 486 573 559 267 260 785 421 945 408 98 743 884 778 132 298
107 86 196 49 903 168 988 296 189 261 912 747 479 429 6 797 606 745 150 652
750 52 504 745 583 2 574 610 468 836 20 820 574 82 903 853 691 400 386 970
856 613 998 684 1000 55 985 825 312 791 412 962 909 864 361 787 371 181 283 433
969 94 81 979 752 152 967 199 223 360 800 7 544 528 721 614 894 712 68 720
949 393 316 560 189 740 890 100 137 911 355 541 203 452 808 82 159 278 649 690
358 902 432 612 599 341 348 821 479 822 957 490 279 447 910 104 959 281 321 235
552 751 491 880 445 957 220 234 460 81 978 634 750 455 472 502 249 147 698 186
6 829 376 468 59 669 350 801 679 288 388 35 483 964 993 387 438 817 494 908
421 978 836 518 683 374 452 543 36 161 382 780 929 827 242 326 392 674 568 407
756 29 685 565 777 689 513 671 653 174 70 158 931 536 654 393 991 112 880 154
556 467 1000 923 144 423 722 226 164 787 591 993 510 612 572 659 983 117 293 575
972 604 471 96 990 929 835 51 413 727 679 649 714 455 406 3 838 592 79 509
905 611 449 135 613 950 665 657 311 881 352 736 335 340 615 588 784 287 498 620
968 270 360 110 944 764 830 745 96 313 746 57 21 227 440 448 939 816 214 459
299 592 111 838 215 254 580 875 223 775 581 723 566 234 212 718 423 149 231 70
90 973 208 699 124 15 975 591 279 274 651 819 693 137 922 265 434 8 885 387
821 589 244 884 508 956 168 661 502 486 821 374 110 447 461 680 702 757 386 533
590 577 982 976 957 12 568 672 514 466 732 438 346 370 676 190 283 62 102 429
233 581 537 644 433 522 457 390 807 692 837 144 201 812 68 40 731 903 550 105
899 973 760 434 417 548 116 17 858 386 300 17 447 716 904 952 230 44 794 18
764 821 789 713 992 907 872 721 71 627 874 871 234 267 90 316 575 701 797 656
961 815 30 277 128 23 31 64 684 957 558 199 917 851 609 245 219 214 974 696
267 500 395 534 750 11 997 403 332 683 955 545 905 297 644 932 114 780 170 105
438 892 913 868 836 287 80 824 605 294 425 890 280 685 606 681 216 901 376 829
993 762 950 3 397 836 836 986 76 383 937 31 889 678 44 911 135 82 958 608
359 40 893 895 152 597 297 593 908 286 373 997 994 993 538 625 777 546 753 559
160 286 623 948 518 773 148 754 251 83 795 422 166 556 424 266 858 665 116 104
178 206 900 137 124 635 702 452 231 26 965 176 767 904 827 420 38 932 492 236
734 20 148 559 979 571 351 646 922 879 352 436 470 74 104 69 432 354 606 603
416 130 174 351 389 881 398 49 93 441 241 240 360 910 430 404 443 602 301 722
407 532 67 556 497 869 328 536 732 686 226 605 707 320 154 277 797 505 327 642
148 85 450 970 944 923 872 603 953 531 324 424 694 155 231 392 633 688 509 702
679 132 775 424 170 683 85 564 311 610 316 631 279 529 508 771 1000 580 758 344
308 945 810 116 635 30 738 483 757 618 213 979 359 907 273 908 488 54 33 21
320 573 736 572 895 685 552 135 782 488 250 168 890 919 882 883 522 197 552 860
223 198 60 678 492 446 161 825 915 228 617 437 32 400 230 448 650 776 866 345
