885 183 305 808 457 642 82 749 640 224 196 411 279 6 356 189 292 508 417 143 494 88 132 685 280 770 111 200 130 493 838 558 366 436 411 410 514 536 468 898 839 31 464 553 927 223 380 974 741 65
743 691 77 386 152 816 219 386 310 759 146 951 26 174 211 732 186 747 404 707 221 602 740 985 444 555 331 805 277 376 73 246 395 103 767 555 20 571 198 735 753 116 273 383 249 476 383 969 764 263
901 544 705 574 478 232 703 244 182 426 641 568 496 409 191 18 999 585 997 945 681 910 408 867 214 606 600 334 416 752 584 760 947 751 635 991 587 95 507 991 66 780 338 768 491 142 523 49 651 44
664 890 37 393 159 70 492 373 87 493 618 699 505 790 458 983 106 672 363 317 859 163 878 111 596 936 167 863 545 810 238 792 570 329 137 877 814 547 154 63 130 997 284 656 859 610 853 512 729 7
601 127 286 367 695 98 541 547 497 867 752 857 125 416 555 437 740 292 994 11 215 698 880 856 632 23 507 593 467 652 774 332 48 954 401 602 467 964 113 211 41 941 224 125 112 247 440 219 632 261
499 785 407 68 397 656 20 694 650 985 187 9 329 291 650 202 754 45 777 273 842 594 378 433 267 982 236 449 522 991 570 55 633 104 772 877 755 587 621 93 903 359 237 473 332 813 22 827 767 171
3 703 373 873 790 646 296 674 814 997 294 694 600 9 120 12 914 51 785 445 20 340 257 963 429 425 69 609 882 679 654 207 542 423 215 640 579 289 47 654 549 776 996 906 855 426 954 411 836 606
972 643 676 770 138 878 415 132 682 96 721 507 776 153 828 115 739 16 632 469 878 741 394 439 149 558 730 212 608 82 71 598 613 301 939 992 401 936 138 271 18 269 87 522 201 27 49 492 995 540
962 813 882 286 719 112 471 134 317 109 878 442 34 798 387 499 664 746 699 513 136 440 829 412 280 976 297 103 136 489 137 93 521 10 925 50 914 678 693 443 110 893 615 982 95 199 932 370 304 9
632 553 814 823 144 548 224 624 476 646 479 285 237 350 494 261 690 393 152 996 880 111 224 400 975 929 785 463 40 968 185 776 997 629 754 334 277 453 183 66 260 265 125 750 670 473 70 517 304 149
595 732 408 208 813 747 26 262 472 180 125 426 83 715 617 721 71 310 886 273 929 284 907 869 584 967 100 469 530 380 853 155 345 164 388 428 268 170 567 475 820 788 313 122 244 678 88 263 210 222
230 238 140 356 945 32 792 548 441 934 648 716 18 204 272 314 383 308 473 612 624 286 351 292 66 349 28 10 248 878 174 830 277 360 624 913 398 927 505 123 738 218 544 930 980 407 613 819 716 45
281 69 301 26 980 818 830 403 348 54 507 32 342 110 336 802 265 97 40 519 618 553 943 735 46 687 181 586 666 574 81 808 336 161 233 376 362 841 553 423 827 428 705 938 496 995 361 174 747 855
621 547 336 360 713 266 933 724 961 605 379 73 767 6 649 680 416 981 175 329 696 405 229 892 274 889 740 1 474 850 38 751 703 734 375 849 22 877 542 147 895 496 284 300 596 160 897 643 97 301
625 280 103 144 479 193 105 302 65 627 631 540 163 445 322 571 443 424 917 422 901 247 2 846 175 519 806 883 373 709 31 664 936 10 451 221 917 423 919 728 884 329 385 820 654 758 569 156 414 158
515 882 980 177 460 681 588 273 574 279 929 122 713 72 901 368 252 527 46 772 658 82 64 457 684 703 391 332 543 706 21 575 915 981 579 53 364 387 372 467 536 931 21 540 184 945 198 417 361 768
924 898 589 453 382 4 26 811 291 756 824 450 706 651 239 899 789 82 894 698 773 255 669 171 619 62 409 991 583 479 546 765 753 197 976 469 549 818 326 1000 709 757 514 127 444 917 57 562 854 769
674 493 449 40 20 213 589 66 889 216 775 454 238 225 84 20 148 334 664 158 236 133 754 514 898 748 817 426 434 875 676 112 46 279 500 204 779 835 57 216 490 831 705 639 550 998 661 896 793 684
430 861 795 716 9 668 109 504 47 394 322 840 836 90 339 450 489 758 576 691 926 92 402 56 599 249 996 25 915 756 824 700 178 521 613 620 700 756 79 222 506 388 101 302 879 820 366 934 579 688
733 358 610 148 674 144 956 603 679 651 902 85 921 3 408 929 6 679 287 936 827 227 514 468 912 160 311 338 904 974 161 465 433 805 388 880 686 645 492 489 483 324 842 457 661 328 67 451 392 743
187 540 909 783 637 685 954 388 115 652 889 799 504 686 875 197 381 831 304 130 317 522 226 100 530 833 771 225 261 378 683 465 845 419 2 474 487 351 844 469 844 572 699 716 937 523 677 243 882 347
537 489 655 337 416 199 611 72 867 474 715 91 804 480 447 655 161 141 565 156 906 166 17 484 24 567 878 860 505 725 776 841 272 784 779 817 158 7 473 107 500 959 258 725 201 488 222 284 328 715
750 673 411 532 795 507 272 226 623 191 277 381 407 905 79 984 198 470 496 361 615 110 192 835 272 341 476 92 907 70 519 298 208 436 107 202 55 800 435 589 57 916 159 462 209 674 606 537 113 174
607 378 78 938 80 505 625 289 803 382 683 616 360 339 80 638 346 288 540 435 645 268 65 363 490 792 811 962 267 75 306 553 804 717 374 675 84 792 553 649 265 497 213 99 99 4 912 21 914 16
544 739 139 370 184 206 759 507 820 898 227 941 250 51 855 979 968 875 946 135 77 938 39 164 850 895 557 241 545 82 751 319 222 41 719 587 812 177 67 338 110 812 585 570 375 461 276 531 585 598
271 357 921 542 518 643 647 175 71 574 625 64 509 578 576 694 221 661 936 190 932 532 863 987 825 741 433 255 740 722 734 467 320 283 749 672 554 795 597 52 37 164 894 770 378 737 608 719 957 772
911 409 472 911 192 237 543 895 268 228 446 143 188 88 169 303 387 437 947 504 289 955 77 386 269 656 573 29 110 64 904 134 665 780 138 481 156 701 647 40 764 23 580 846 719 262 751 185 633 958
327 781 567 548 277 956 124 876 66 149 812 786 998 17 535 542 935 706 667 434 151 367 120 897 684 529 236 839 701 558 580 205 229 511 910 554 207 646 947 500 410 399 36 829 621 376 867 917 394 548
711 914 991 550 169 583 406 553 219 75 914 408 811 301 160 846 736 923 219 196 460 929 114 681 453 229 257 224 739 627 539 637 709 898 131 605 421 868 201 976 766 9 33 610 493 572 404 685 397 690
222 857 359 73 703 997 389 703 161 385 898 353 428 138 191 257 479 418 940 236 643 91 411 701 495 972 623 942 138 90 656 575 688 531 619 765 47 44 910 924 100 60 195 2 491 814 968 132 534 964
993 862 866 9 13 583 905 130 178 509 856 924 937 798 838 876 600 643 816 700 140 18 184 455 792 546 751 593 253 813 22 662 910 550 46 405 657 228 250 235 390 471 326 121 736 340 450 575 58 782
132 151 915 31 228 867 214 504 363 757 812 869 951 635 331 887 882 820 648 444 739 320 469 352 136 644 939 678 567 544 602 724 699 576 930 73 403 242 125 605 274 123 285 625 667 961 115 505 744 432
237 245 78 205 856 906 752 564 676 724 340 407 461 12 253 4 694 463 366 772 674 880 639 780 51 926 140 761 509 332 790 780 391 698 808 896 540 137 211 882 773 701 37 405 441 971 455 730 348 239
319 125 781 976 534 663 687 3 242 350 81 786 569 734 840 649 920 118 633 156 250 502 19 998 736 100 391 29 432 306 29 387 888 535 774 657 100 210 78 64 23 375 613 172 338 913 677 1000 484 7
287 215 784 327 633 847 309 209 112 925 932 961 858 929 976 748 88 415 674 629 869 899 958 495 227 826 843 705 854 320 976 486 805 5 781 556 942 550 550 173 471 195 640 91 495 17 742 105 435 948
353 808 451 824 789 514 631 418 55 954 581 200 435 990 744 374 786 347 810 314 773 636 80 719 776 823 405 940 25 952 3 258 393 442 492 518 529 84 187 156 749 564 230 477 499 362 786 142 568 65
20 583 418 712 463 80 779 687 234 859 906 98 848 943 737 106 50 787 729 644 896 133 67 31 664 549 2 665 664 69 212 356 131 404 319 173 935 396 101 938 663 89 44 964 440 791 872 467 646 824
383 10 318 128 1000 66 675 228 67 610 640 828 894 534 307 572 251 433 460 245 981 592 590 437 148 392 497 523 120 89 949 278 119 872 605 734 321 144 588 246 686 218 332 779 751 305 315 887 361 197
791 353 25 470 125 403 682 119 631 329 269 826 888 2 229 653 756 900 49 212 93 333 203 122 595 955 398 777 883 912 893 275 52 33 496 10 665 728 699 480 775 567 800 290 732 978 213 163 550 115
611 122 983 258 307 171 666 687 496 122 884 346 723 8 568 312 982 700 965 392 273 829 117 602 181 125 477 117 505 143 90 722 335 882 633 326 548 285 588 87 33 713 357 182 291 433 568 392 768 668
857 525 267 338 563 133 669 279 462 308 663 259 903 40 357 701 228 578 114 406 483 10 717 768 218 742 820 420 899 269 419 863 390 357 857 228 520 496 136 973 230 855 86 839 287 744 857 942 222 618
193 480 580 751 180 992 576 683 481 601 542 747 335 659 291 793 465 542 726 235 151 753 405 811 625 39 999 708 70 493 422 18 913 695 675 208 789 13 200 48 893 340 881 957 345 351 644 506 265 500
222 954 793 948 1 181 900 62 679 559 962 584 557 535 80 667 102 505 210 254 757 117 555 511 187 560 951 31 544 524 143 324 468 611 916 836 59 276 571 103 213 710 692 811 793 904 575 193 822 23
191 875 6 465 153 738 675 734 858 417 554 276 676 583 330 466 744 668 59 492 716 538 434 951 852 883 273 970 728 207 883 457 671 822 941 292 640 266 365 389 589 613 516 834 955 404 43 243 240 103
966 156 325 584 350 92 544 237 315 510 462 71 990 122 687 438 612 730 815 920 597 972 607 356 740 743 552 629 726 704 36 740 994 557 61 782 412 83 266 615 789 587 809 868 912 62 146 439 8 15
84 729 55 624 824 557 223 851 122 421 292 422 209 191 4 432 767 716 247 513 712 695 425 255 354 166 901 17 48 284 873 93 610 311 796 939 446 840 935 399 237 385 624 836 656 957 961 433 830 500
273 919 814 544 99 693 762 680 67 558 655 7 291 326 235 506 589 628 428 934 588 646 833 754 676 331 361 564 632 412 68 342 201 812 861 656 192 629 522 224 862 694 378 693 723 321 163 367 14 543
14 825 758 224 535 614 99 32 145 375 99 193 462 585 886 911 954 625 7 453 97 288 82 116 840 388 902 154 823 758 809 297 539 791 327 152 723 596 503 19 555 597 128 353 813 609 146 923 421 512
79 825 916 522 100 423 359 667 960 718 264 427 331 770 102 745 687 943 486 837 577 264 461 688 199 569 157 232 857 219 97 643 249 466 889 929 561 247 296 738 570 161 268 431 103 17 233 153 784 102
476 343 430 984 304 909 93 758 581 536 993 785 413 164 618 305 426 270 734 284 422 148 810 95 737 948 439 875 721 185 429 893 988 654 208 593 360 617 173 945 695 494 151 803 136 894 343 837 541 752
821 35 606 592 937 958 4 549 234 141 932 83 391 283 543 487 338 325 622 810 18 787 997 282 842 752 595 335 146 728 170 401 580 482 150 513 444 301 417 516 541 962 975 977 152 564 230 35 499 511
727 717 398 94 233 950 262 416 693 98 861 561 821 898 834 366 452 625 363 544 909 959 978 380 448 831 219 460 857 597 49 222 511 840 980 46 427 590 814 123 462 324 994 855 311 444 870 344 624 975
372 859 788 630 93 124 676 273 571 316 829 805 264 988 340 24 10 333 197 75 418 622 839 769 144 803 584 733 185 405 624 960 442 393 787 17 951 56 294 535 690 770 106 803 956 845 9 412 531 548
562 384 56 686 514 911 452 139 391 113 662 793 300 675 944 328 289 997 240 119 272 403 806 831 378 803 587 379 983 551 974 334 382 623 655 651 773 334 536 432 23 599 173 687 811 589 59 25 321 814
884 938 381 371 219 475 482 946 669 158 427 597 851 333 753 21 124 36 494 222 750 971 592 761 293 731 895 558 409 254 710 801 626 244 826 143 60 762 633 274 491 6 872 544 296 591 344 579 455 10
881 299 774 55 75 816 714 357 657 260 143 994 176 146 845 969 704 979 763 329 94 138 523 844 270 757 553 584 470 85 394 292 914 648 565 424 350 881 961 220 120 473 740 83 237 430 949 308 614 678
417 319 775 521 990 683 383 714 421 600 887 177 776 122 412 47 755 942 313 861 495 15 601 814 93 821 879 115 981 370 571 948 363 717 990 830 544 637 471 866 295 287 135 11 137 259 382 253 4 75
874 52 313 200 848 639 239 828 38 252 121 523 602 259 285 949 441 324 478 135 285 752 86 582 864 644 655 156 396 6 499 433 384 802 876 340 247 946 826 969 589 59 242 719 650 183 172 425 926 460
988 150 982 662 918 985 675 384 777 256 950 266 414 610 829 54 790 230 796 781 27 477 277 137 139 205 267 104 595 909 649 803 217 349 193 792 776 362 774 496 106 241 945 430 980 969 425 212 29 372
399 176 811 343 909 629 698 884 996 1000 916 628 745 7 391 727 671 507 885 153 237 732 173 622 541 963 272 915 318 59 989 768 95 906 198 346 58 697 563 765 80 601 948 57 134 682 991 456 394 237
375 83 782 875 917 153 613 357 715 222 808 354 741 28 313 235 236 247 386 881 217 620 198 200 881 965 276 333 975 321 561 683 675 453 874 15 989 24 76 498 639 785 944 511 975 987 26 53 14 796
817 557 924 856 505 361 648 122 810 282 698 432 604 903 562 405 949 932 61 704 570 802 313 725 362 276 240 806 291 390 465 482 40 19 249 962 210 915 196 185 981 363 159 8 823 996 670 617 452 362
875 512 692 30 869 567 354 593 156 909 278 235 622 153 915 964 287 952 606 52 868 100 883 304 303 755 416 943 835 855 386 576 322 906 484 2 796 73 629 186 246 540 309 353 569 167 365 397 208 187
24 143 469 232 47 953 430 181 502 885 767 521 993 935 860 451 206 847 474 65 656 549 25 106 616 950 224 531 682 436 816 558 393 568 731 215 509 921 462 250 638 187 631 874 969 242 550 414 18 139
647 939 969 877 494 790 414 410 36 171 755 523 252 198 471 223 413 803 808 894 830 112 491 925 85 586 654 736 970 793 705 609 576 873 357 247 592 7 15 432 470 490 586 652 728 952 709 827 585 631
398 812 697 153 346 587 366 971 386 405 613 340 776 653 219 544 369 770 382 726 956 897 158 336 332 969 736 693 960 23 489 521 291 488 281 134 768 205 709 103 558 800 551 848 924 918 619 419 418 968
587 472 631 591 882 169 569 99 188 737 90 71 125 536 447 826 323 694 717 783 689 639 458 30 531 986 102 252 996 419 250 983 368 601 782 330 585 174 200 844 261 33 970 15 577 74 491 346 1 398
433 218 860 168 635 444 6 127 237 415 737 238 140 965 623 37 267 308 540 923 639 280 356 813 629 137 628 47 234 621 908 606 133 994 396 633 732 924 62 160 334 119 531 414 374 410 704 174 153 782
484 185 144 893 573 921 957 29 653 4 583 424 839 937 71 473 830 725 776 677 19 138 910 378 20 298 190 117 459 497 885 669 683 270 274 30 585 77 430 503 617 505 562 417 570 734 665 574 910 894
95 645 431 258 805 479 861 566 711 173 701 203 640 564 304 243 618 926 820 631 385 604 409 904 597 237 73 68 363 861 712 83 526 968 148 226 235 774 133 444 875 359 710 364 346 419 710 770 599 944
141 426 21 333 573 704 11 571 540 969 467 836 266 553 461 490 54 773 611 554 859 239 989 869 980 964 521 45 356 260 834 576 55 680 679 32 481 518 970 83 229 610 484 774 134 997 590 896 108 381
906 876 880 411 900 850 222 960 591 637 281 869 461 836 1 810 728 6 420 647 743 286 758 232 108 765 366 476 497 215 973 294 615 723 129 795 412 545 371 876 278 787 719 742 587 64 510 317 265 382
922 318 338 968 25 157 540 163 630 619 789 469 685 819 323 190 130 663 313 760 211 562 52 997 266 274 615 1000 817 988 987 887 932 17 453 208 13 312 882 642 43 262 963 753 159 556 869 210 563 95
719 549 509 328 714 574 488 573 871 901 269 193 832 767 129 848 310 196 54 878 124 943 962 304 340 20 976 972 692 14 719 500 637 42 883 404 624 377 524 802 939 917 541 536 383 597 758 111 244 533
729 835 459 4 518 268 646 476 223 838 704 810 700 530 744 627 312 452 919 556 738 304 409 855 694 419 451 245 453 444 844 238 745 664 166 819 764 519 947 710 10 123 124 215 163 666 130 588 448 885
895 232 301 731 243 4 29 203 172 92 131 688 318 210 953 810 607 621 720 306 205 881 447 240 840 227 179 310 480 667 345 78 903 116 409 559 4 582 307 862 261 75 538 663 906 168 595 659 262 44
79 430 724 68 172 79 736 123 590 152 360 419 224 956 666 324 734 173 531 623 295 902 919 779 363 853 746 135 182 184 531 235 695 402 420 269 775 987 427 683 894 139 39 633 991 515 163 545 912 879
950 699 340 493 162 877 806 959 485 370 905 245 793 723 163 751 213 906 590 967 907 995 762 933 706 189 589 376 223 352 771 286 29 296 333 376 547 165 449 297 663 61 17 242 610 834 519 844 578 884
974 972 530 539 437 417 526 499 828 804 79 195 49 646 460 756 841 172 13 838 429 873 686 837 410 631 895 244 575 803 841 377 982 226 961 813 902 793 462 63 51 183 716 252 964 650 593 232 104 434
380 392 141 687 1 495 910 302 422 990 297 368 350 25 283 396 337 827 502 228 205 691 178 418 573 497 185 304 467 582 697 460 102 788 799 251 287 291 558 847 635 558 83 96 752 154 831 476 709 652
131 818 576 476 974 79 167 758 764 733 900 875 498 762 406 393 604 568 296 178 113 868 726 303 839 763 518 920 562 180 16 29 552 845 183 986 915 667 663 229 345 627 674 460 340 588 935 550 156 393
276 122 824 985 512 94 352 476 964 245 206 848 62 715 533 688 456 366 753 800 608 243 965 934 58 529 349 73 201 310 484 739 385 227 297 752 227 716 796 287 518 883 311 829 660 405 123 369 285 263
227 814 139 307 77 972 425 853 449 785 219 116 103 446 370 523 377 563 345 490 144 674 950 196 995 764 229 141 63 504 636 678 590 163 933 866 773 993 587 761 279 726 51 626 539 395 110 860 501 696
367 594 499 23 923 702 7 210 507 988 598 876 809 650 457 834 691 141 994 973 353 231 260 865 451 296 184 446 94 156 28 418 956 920 842 826 459 255 772 7 880 267 687 270 955 618 308 533 14 542
144 440 327 228 580 697 290 687 219 91 932 240 399 169 146 188 647 188 759 21 802 621 604 809 556 886 830 4 596 209 957 518 167 954 177 653 348 968 309 98 769 201 488 352 932 38 750 239 291 514
569 772 45 208 195 642 695 309 626 476 900 993 284 505 378 69 256 477 980 962 19 476 11 754 341 503 992 435 339 296 962 12 801 732 814 645 185 975 422 537 883 270 367 237 875 23 223 28 59 813
625 131 418 130 766 959 383 426 320 885 521 654 135 715 994 693 373 878 688 226 980 389 213 8 738 832 548 13 878 530 424 536 559 277 513 605 691 102 303 160 170 521 9 263 392 860 972 666 869 481
497 893 696 755 135 743 442 898 302 427 695 143 346 216 36 622 147 588 497 569 446 997 963 615 191 304 731 121 769 231 332 470 901 333 939 194 971 836 701 842 207 297 881 995 830 233 326 307 113 706
294 971 502 712 277 7 763 978 175 835 335 942 804 443 988 818 403 601 490 840 988 555 71 489 706 913 121 545 443 466 317 943 875 860 904 741 550 417 639 479 976 38 335 436 722 402 937 174 648 786
343 823 720 605 220 45 960 251 614 186 974 478 839 455 869 255 975 565 428 566 210 194 924 574 427 161 861 356 645 410 203 613 670 289 160 608 525 40 179 229 374 500 225 160 724 994 670 73 877 636
27 210 234 108 567 1000 403 443 76 16 120 841 767 454 940 978 729 208 442 130 296 628 253 274 724 38 259 863 398 824 432 743 210 244 958 284 574 660 11 586 7 717 121 690 893 655 43 158 333 375
42 903 948 163 87 85 96 208 681 889 17 879 516 232 628 233 527 915 948 453 813 76 264 1 830 14 719 236 344 505 299 127 143 318 916 650 490 938 968 237 198 405 465 220 228 333 470 958 997 186
631 17 715 57 401 814 308 54 795 725 161 10 239 258 381 819 782 214 675 228 533 516 946 102 312 849 917 972 459 631 103 116 741 851 372 960 102 32 416 224 305 878 437 855 736 691 8 97 106 744
973 601 106 282 892 541 353 976 699 809 28 39 93 441 139 255 810 494 984 150 333 746 309 899 66 577 788 156 438 463 366 194 789 760 968 624 894 611 544 687 917 131 693 994 905 383 128 484 539 100
875 103 542 274 898 194 29 496 649 797 883 630 269 685 483 452 536 829 235 399 72 55 77 310 592 934 670 590 961 501 251 391 901 216 183 223 195 117 547 556 818 51 937 553 896 699 979 837 637 617
727 739 33 130 3 788 263 165 488 914 531 305 836 39 266 983 109 200 926 721 710 668 826 12 64 210 309 948 425 21 865 720 495 956 419 438 402 368 173 495 492 620 918 433 201 731 285 621 57 287
165 853 633 149 616 780 695 635 745 369 191 461 564 993 403 84 657 245 940 138 394 448 886 1 410 126 65 900 743 871 469 239 1000 69 897 657 382 828 310 172 24 201 540 798 473 996 23 590 333 35
412 194 318 518 329 863 367 358 347 100 417 558 479 352 638 381 374 523 420 633 966 338 897 981 427 655 736 65 655 850 900 90 274 471 472 969 844 740 993 986 268 10 524 482 82 12 653 57 230 829
562 104 82 881 753 918 682 532 329 667 699 279 585 803 411 688 895 633 828 325 962 779 488 475 121 942 985 921 413 627 241 974 692 213 70 210 198 786 413 27 264 11 279 982 239 83 710 32 456 376
75 916 483 846 871 293 255 290 188 944 730 240 980 413 613 312 201 478 983 52 231 969 232 620 4 682 298 62 897 220 153 662 234 813 401 784 630 175 442 655 23 554 697 747 956 921 792 75 166 910
240 313 922 404 841 789 381 183 169 739 949 449 97 908 562 489 997 100 782 501 211 623 418 803 966 264 522 127 816 127 631 207 595 374 12 219 293 192 491 16 678 401 792 186 365 285 631 952 872 415
177 964 502 479 192 479 808 331 923 708 720 254 887 738 147 243 411 975 436 814 234 741 732 564 173 216 878 63 609 202 970 570 557 821 858 131 88 88 103 551 99 938 50 721 147 201 51 695 83 918
782 887 978 769 227 564 980 597 550 603 476 935 71 245 885 935 318 698 862 808 671 996 558 830 207 118 456 97 85 400 531 83 6 114 196 656 954 994 850 848 638 482 605 627 258 956 182 485 830 370
126 28 61 447 796 35 221 933 855 506 173 62 417 570 560 217 945 403 131 527 576 747 3 716 375 853 877 403 274 240 802 815 72 219 710 903 419 160 971 82 932 374 746 519 256 939 695 518 247 247
674 530 889 9 176 791 436 957 593 215 137 92 161 742 871 975 16 517 238 971 625 216 880 547 221 877 661 105 197 186 179 373 484 341 996 29 710 618 611 807 1 274 535 345 248 315 36 612 241 60
561 805 32 193 843 363 708 396 927 451 540 112 13 801 754 123 475 402 195 301 919 238 399 327 283 2 270 47 934 868 88 778 882 525 226 682 935 749 257 362 570 313 258 421 132 100 208 348 603 535
485 963 56 115 332 758 916 394 393 81 993 972 211 800 589 94 691 237 717 216 669 173 546 199 550 682 79 963 222 588 98 862 797 837 861 328 491 436 1000 569 953 478 387 914 209 802 807 909 413 713
319 133 201 945 991 18 165 638 655 478 425 783 158 171 507 473 646 188 849 620 40 423 699 959 15 602 778 677 683 953 882 59 721 761 621 837 621 131 869 553 168 791 814 946 721 195 968 761 985 164
452 185 51 848 230 865 333 780 720 455 890 111 358 29 543 167 335 146 442 338 138 383 796 824 35 253 555 231 774 435 229 40 657 232 270 944 789 96 225 534 890 528 341 87 670 982 423 794 90 31
236 439 891 573 840 811 948 766 922 373 262 670 847 678 664 31 556 283 781 375 29 943 662 46 641 728 50 659 763 53 947 552 596 313 503 1000 102 937 762 124 766 995 86 52 371 637 812 976 175 22
53 919 975 371 526 53 716 248 730 941 780 539 393 226 464 437 76 302 753 389 445 527 104 694 596 744 976 209 159 631 692 101 484 178 703 669 986 428 599 789 908 477 151 896 61 583 744 429 55 670
273 821 387 990 95 278 939 665 300 239 344 771 107 570 988 128 544 339 519 871 422 432 486 139 202 862 617 750 676 885 291 895 443 871 430 971 945 383 439 352 360 594 5 403 511 195 914 114 238 704
894 815 147 506 191 150 82 24 633 894 602 443 88 712 525 693 920 103 619 385 805 70 798 682 939 136 367 163 733 745 769 538 609 590 271 127 902 500 835 922 733 370 133 295 792 909 462 382 246 584
989 399 251 74 775 117 909 810 157 709 24 301 248 518 648 175 667 292 29 37 468 731 592 986 842 57 168 510 28 802 16 151 579 356 726 308 833 633 77 537 839 788 589 768 242 452 384 944 178 401
783 513 333 429 180 133 197 38 742 533 192 330 70 790 594 588 581 160 473 32 154 702 580 297 661 960 570 424 788 192 635 568 53 455 580 254 450 648 447 962 599 704 640 60 1000 668 74 990 418 676
72 747 670 295 259 457 652 490 840 363 859 247 805 227 370 181 64 59 409 166 133 294 943 346 295 647 70 902 283 722 815 272 908 570 100 171 756 244 84 34 394 300 394 876 257 82 270 133 800 102
214 458 673 396 977 446 489 595 978 323 401 185 738 400 335 126 702 659 336 286 334 900 120 268 410 831 590 310 414 871 94 126 596 317 214 898 909 153 272 852 849 742 366 385 116 925 615 169 468 58
637 645 295 579 86 553 645 722 660 603 262 304 575 428 740 811 475 441 900 816 222 709 362 792 159 165 532 857 171 863 945 823 279 987 648 231 880 183 867 55 232 846 972 93 967 351 320 461 171 355
453 628 304 813 813 636 206 241 170 418 592 775 436 471 580 302 925 629 275 973 333 6 221 333 306 123 213 658 752 872 308 889 177 44 993 157 589 993 160 179 273 96 35 702 692 416 204 131 993 352
967 680 226 881 230 67 851 128 187 614 759 434 857 533 377 353 993 135 932 446 881 648 949 170 927 769 411 43 599 799 932 253 283 848 881 909 961 750 937 701 995 636 78 947 439 713 827 680 395 607
859 649 275 65 667 804 408 351 77 4 959 76 657 35 18 76 464 159 745 60 352 791 880 545 603 404 895 494 421 421 413 285 476 388 15 911 625 802 284 679 309 930 48 991 375 322 889 383 553 957
830 72 573 895 431 706 703 494 474 480 61 728 266 489 454 6 769 970 433 486 459 231 282 83 148 623 991 280 705 53 53 603 156 830 229 365 583 334 303 864 206 574 898 387 994 394 152 626 781 238
891 709 476 60 103 365 863 826 500 761 923 789 653 285 386 766 634 635 694 547 158 196 467 454 522 57 815 353 657 256 466 448 259 546 735 77 801 743 331 273 791 763 895 813 839 884 667 139 437 20
76 317 883 43 926 181 30 41 63 710 796 459 146 951 955 5 334 920 486 32 936 581 227 537 969 949 929 921 961 855 983 639 716 828 987 96 578 29 449 422 595 84 672 489 894 428 586 956 550 141
388 194 771 643 679 831 618 373 339 348 652 57 855 736 290 231 748 940 500 984 779 194 413 762 101 513 335 973 227 467 232 353 459 864 45 615 315 811 40 266 553 436 249 488 397 938 399 749 152 961
398 221 164 779 882 339 681 467 191 839 48 117 891 653 238 573 689 436 187 713 925 865 407 131 993 830 410 621 180 745 488 498 699 680 291 892 488 7 199 103 240 740 854 856 565 220 685 145 779 42
848 689 237 412 216 251 502 612 372 153 260 974 208 455 939 963 793 98 558 227 706 376 762 143 751 876 91 960 325 450 375 592 525 573 721 782 900 903 76 863 901 451 368 805 806 378 801 704 812 873
195 507 150 463 311 660 134 222 815 39 409 762 870 494 675 194 339 78 720 196 169 402 33 494 108 271 599 800 96 320 703 138 780 900 565 607 730 993 655 521 140 771 841 221 612 431 493 222 600 939
201 686 784 268 998 144 270 493 139 425 471 797 201 725 602 180 634 21 972 995 966 940 839 572 5 771 980 136 954 570 330 977 750 113 355 214 505 799 54 466 315 832 396 508 627 493 278 551 90 611
600 630 626 109 709 448 176 567 425 605 995 242 910 417 357 642 142 845 89 655 394 711 230 721 56 783 681 906 644 810 846 242 63 926 682 555 96 35 688 864 762 687 94 887 966 760 990 628 500 735
815 940 812 777 968 853 63 16 907 340 30 872 110 767 7 466 735 845 818 472 136 773 349 92 47 985 187 515 609 529 412 5 790 928 36 879 546 906 276 89 158 627 544 982 633 484 692 709 778 283
697 917 721 998 324 527 537 831 228 240 366 682 97 888 843 990 920 701 508 264 664 1 398 441 436 514 419 56 904 635 418 630 881 102 848 534 235 263 252 3 648 162 372 989 131 244 299 122 377 210
535 663 959 649 925 239 802 681 230 726 237 870 789 321 768 353 575 954 450 576 336 565 532 169 892 790 742 138 932 755 860 341 836 943 496 389 943 271 320 414 258 4 372 128 962 983 354 244 803 906
950 47 859 280 318 490 472 932 71 718 514 288 525 217 85 654 896 273 127 254 830 259 494 392 562 589 950 503 596 53 144 587 471 760 715 36 848 888 853 331 504 424 645 360 793 261 232 445 229 74
22 124 481 60 139 51 189 65 357 218 387 907 712 882 564 468 690 898 73 109 537 306 757 172 575 531 242 354 220 207 619 319 392 882 119 352 230 271 75 164 746 482 116 673 732 911 156 528 776 735
663 577 38 36 709 500 200 420 373 324 557 229 640 903 871 811 820 667 46 429 831 520 88 634 263 851 178 694 256 525 868 25 571 268 255 782 149 38 195 804 388 264 345 394 706 340 378 708 995 8
441 437 541 922 918 505 332 980 763 305 634 644 100 434 945 669 591 629 67 84 696 656 945 126 822 967 987 198 725 240 318 241 177 313 806 285 449 317 345 635 764 844 297 661 493 241 639 875 920 8
341 894 486 623 476 881 503 524 720 597 356 725 743 834 5 236 38 99 323 258 556 395 998 308 717 383 675 680 96 976 986 701 187 106 354 773 966 957 880 583 741 133 985 36 163 529 890 80 510 842
485 722 835 986 125 689 599 723 100 34 658 610 245 398 902 194 686 388 753 985 907 5 355 342 770 124 972 597 319 812 87 502 547 709 884 787 639 788 204 998 816 614 981 821 264 582 906 72 495 724
226 795 68 237 693 284 806 786 71 179 548 426 11 591 970 834 600 760 753 861 950 519 146 336 400 612 565 272 680 117 874 466 731 24 767 980 618 563 554 75 378 235 367 628 495 561 959 566 643 311
558 378 439 545 573 323 969 50 995 85 442 973 580 855 861 778 697 123 870 431 828 97 63 541 46 207 862 9 367 354 354 990 396 559 470 137 205 492 267 520 296 226 194 204 999 913 443 135 553 856
305 968 726 279 344 474 136 436 556 50 891 268 140 993 801 889 701 551 568 593 222 890 370 762 182 295 242 826 506 103 420 834 281 833 516 841 976 413 977 27 323 757 401 179 859 774 347 133 579 721
766 204 507 946 38 436 109 993 703 16 654 99 120 884 569 550 201 121 529 573 127 929 295 420 561 361 793 68 659 907 760 951 474 101 416 290 167 835 32 800 820 17 925 936 580 19 138 789 799 359
41 864 710 843 346 464 946 274 908 287 622 718 547 225 486 215 82 557 949 381 622 313 797 429 124 515 233 958 715 733 24 10 248 910 480 743 154 552 302 757 895 920 927 313 863 409 491 521 163 1
307 610 156 70 294 862 651 648 991 305 377 441 98 24 998 588 598 35 233 209 996 565 141 42 299 870 985 342 547 907 676 354 205 660 191 287 982 943 158 157 543 125 796 561 734 744 497 711 424 670
333 830 182 207 445 124 309 407 976 880 906 572 508 572 98 322 956 560 11 977 17 726 540 235 1 271 628 498 2 795 951 102 623 786 43 961 107 357 865 309 560 930 138 422 585 633 164 305 714 316
938 131 131 146 953 714 658 273 322 762 842 305 876 10 146 622 345 400 617 737 417 521 856 831 995 952 92 678 807 518 782 762 480 526 533 808 29 810 560 546 370 787 692 766 537 418 320 633 908 643
353 369 869 545 890 971 508 703 114 838 668 831 153 997 93 883 764 808 388 411 398 846 465 388 499 392 95 388 789 613 298 466 170 503 722 872 918 50 900 829 56 834 506 406 143 670 879 17 914 12
886 138 905 33 162 758 491 378 627 188 136 607 502 349 784 41 169 950 163 896 844 206 691 192 468 282 147 596 876 498 923 938 507 797 113 763 770 404 677 935 963 813 854 650 374 139 380 81 62 787
314 851 733 982 660 324 913 345 104 968 595 476 972 223 138 591 908 463 407 684 686 395 447 275 209 859 337 415 969 101 320 369 841 589 408 825 821 21 825 781 169 127 691 133 669 23 378 102 453 156
953 969 481 156 653 943 74 704 494 299 203 642 960 978 894 77 199 834 620 411 433 216 863 564 723 694 673 832 187 540 1000 859 879 188 794 299 395 834 889 806 973 450 467 612 213 393 88 583 421 648
865 389 921 539 779 471 442 857 746 522 967 541 106 842 918 974 520 358 628 755 880 853 149 758 872 241 803 784 869 451 90 692 480 24 318 177 658 384 247 19 648 632 654 240 397 103 57 769 91 952
228 411 878 728 722 34 752 248 263 974 712 79 410 125 39 460 526 33 884 229 590 472 775 740 473 973 863 460 259 386 902 262 966 843 18 135 325 570 580 671 257 476 736 592 494 667 861 169 321 980
268 518 953 96 205 590 90 755 402 598 143 341 833 153 806 224 856 137 760 475 450 406 668 1 209 147 951 762 342 203 787 486 524 517 244 407 999 174 728 284 821 333 383 142 686 639 637 843 755 158
248 914 61 532 675 386 51 958 911 86 832 733 914 643 908 867 640 192 739 176 852 299 573 904 251 478 694 902 592 712 114 545 457 582 146 28 749 265 161 305 3 947 296 834 810 797 69 758 463 966
188 668 423 33 45 259 945 754 251 279 72 796 725 730 414 60 516 376 790 354 808 478 157 415 82 990 808 815 737 314 933 433 200 661 823 776 816 865 568 627 199 414 220 915 837 478 192 581 777 251
193 212 656 594 995 677 831 660 177 325 786 934 672 892 665 705 936 729 135 809 909 853 169 125 149 50 470 107 848 318 435 407 445 325 567 152 972 137 424 791 469 119 365 14 220 869 346 582 905 976
466 961 192 354 93 315 905 342 841 153 704 712 633 840 946 332 524 746 787 434 157 835 707 770 357 184 121 809 357 720 169 636 487 67 610 365 322 197 989 135 417 819 194 695 163 960 541 197 799 149
341 428 502 704 999 895 885 336 670 621 35 860 341 744 488 880 633 877 758 953 9 320 814 848 725 381 389 597 547 787 389 860 656 625 855 840 330 559 294 282 517 64 489 653 566 83 818 804 475 346
212 797 888 835 988 909 516 874 918 457 401 535 907 536 563 310 521 499 389 44 146 457 697 745 844 342 487 23 384 366 26 103 278 800 683 200 359 643 837 388 339 765 492 349 225 283 998 751 667 153
219 825 655 564 885 19 910 248 745 210 205 585 707 464 810 790 711 51 143 80 236 18 285 295 910 984 50 689 963 527 964 482 253 582 408 530 164 1000 906 80 5 692 387 159 949 63 261 999 203 416
243 687 372 252 936 78 588 641 879 402 941 797 288 938 948 929 166 447 598 958 802 203 778 918 10 68 771 148 203 766 705 982 244 682 749 663 628 635 884 380 461 109 54 635 80 304 803 796 408 720
855 224 499 629 141 153 925 314 605 191 715 550 567 412 76 812 718 331 279 770 914 792 791 85 514 928 861 717 375 802 372 387 781 396 817 844 317 970 744 933 258 101 47 193 105 755 198 852 420 507
16 491 705 371 921 60 206 763 534 548 756 426 258 62 919 391 132 758 43 403 680 203 461 332 257 142 941 83 367 358 185 668 767 60 914 148 192 947 173 95 75 883 856 562 390 276 236 724 911 368
999 607 149 561 818 849 713 806 804 784 163 468 133 596 856 936 702 235 321 69 458 86 136 188 448 251 901 128 370 53 441 475 159 124 642 695 139 398 548 801 665 396 182 311 138 718 728 542 230 549
1 844 625 239 410 698 1 680 474 285 618 986 177 918 167 402 466 634 958 671 562 580 6 990 894 555 80 349 333 737 928 630 716 394 77 898 879 793 110 784 496 247 907 148 683 395 209 481 416 810
934 924 268 511 990 860 583 949 799 410 701 71 938 603 935 988 276 256 693 500 868 749 897 79 601 48 27 842 358 549 854 193 216 94 506 37 981 148 472 717 982 555 158 363 342 811 549 901 630 411
729 294 766 534 772 458 943 504 127 507 265 325 307 456 195 752 927 746 406 366 142 433 686 133 846 887 908 307 784 587 328 674 136 715 741 104 366 613 467 526 550 369 101 122 580 115 257 783 356 587
233 103 928 182 188 106 423 639 77 44 812 917 565 738 209 558 945 420 172 563 675 136 131 144 226 6 610 578 115 692 376 74 371 918 619 291 273 689 791 703 297 735 686 788 694 410 524 179 738 979
596 250 29 792 242 593 630 152 905 995 123 711 787 187 949 969 286 386 406 398 148 537 102 451 755 811 735 434 972 596 138 411 712 253 455 770 110 158 150 112 913 775 503 591 756 327 600 449 983 479
667 5 686 811 732 359 591 673 676 1 646 55 893 627 757 447 902 60 313 191 720 579 25 503 741 40 716 589 662 504 206 866 84 83 968 447 998 754 792 624 359 360 158 608 836 373 731 218 987 202
814 958 337 699 508 298 536 710 284 777 526 662 734 360 767 651 927 798 261 205 536 851 967 830 179 110 859 617 616 177 219 321 223 805 107 895 562 86 177 65 354 60 507 892 969 36 42 303 458 149
330 564 258 6 660 616 27 931 779 929 438 743 937 383 281 192 108 971 630 130 68 216 81 881 52 280 577 570 961 61 764 679 995 190 605 207 666 801 21 164 975 791 878 927 172 729 575 830 329 308
8 843 677 93 445 993 517 419 747 510 541 611 466 777 965 61 995 230 245 675 657 690 96 973 142 789 881 663 666 939 960 909 993 926 1 186 785 139 984 548 825 793 96 516 377 672 280 992 713 342
338 14 607 914 94 944 652 764 175 389 571 421 186 474 758 219 637 262 82 81 140 779 841 160 19 982 133 587 70 6 964 173 533 206 399 706 843 802 681 760 431 499 115 650 603 539 726 685 637 813
290 178 941 740 200 489 354 481 895 888 546 142 735 552 162 946 248 217 843 852 961 523 786 454 368 869 80 986 637 69 572 565 77 254 679 114 896 803 193 196 410 45 278 587 742 285 665 988 833 966
166 15 182 799 30 54 379 206 197 434 920 838 683 981 760 81 535 291 159 628 38 6 803 538 674 588 960 236 77 689 590 805 610 890 422 573 39 112 536 751 800 938 428 76 692 293 908 315 366 525
756 151 278 492 430 270 171 311 153 309 496 703 372 232 890 758 177 933 643 707 365 734 783 651 526 18 727 44 281 265 798 860 386 935 919 531 860 27 956 516 861 64 615 864 182 238 929 223 240 870
599 736 654 943 802 830 968 874 384 982 7 177 333 617 596 411 24 646 367 378 453 973 345 733 891 857 519 754 662 486 265 235 831 996 164 941 555 944 119 37 617 851 747 97 481 555 225 614 129 812
776 628 955 518 95 276 198 722 618 180 410 926 439 354 140 701 245 509 803 843 686 258 396 262 529 826 570 66 971 977 632 742 286 216 668 791 986 938 125 442 331 535 692 616 906 214 668 797 164 404
228 595 577 57 414 162 906 596 765 741 844 645 851 776 693 676 340 876 205 459 279 781 629 425 388 188 244 803 5 782 9 187 890 466 691 804 455 714 489 953 987 498 552 507 958 26 174 278 831 670
257 818 959 242 298 849 595 371 657 268 453 920 798 760 232 725 392 223 55 860 364 509 119 578 2 164 874 597 94 454 123 821 877 481 531 165 580 651 602 943 620 819 568 213 493 242 596 615 334 832
647 22 586 356 398 704 761 173 77 834 412 354 55 652 325 846 555 254 285 485 866 145 357 41 770 172 586 669 686 889 724 816 453 824 883 366 648 907 806 403 519 245 557 951 13 139 999 848 391 712
352 768 536 762 948 590 785 231 879 734 89 441 4 755 297 239 13 592 786 361 805 538 350 118 611 559 277 495 782 976 494 417 75 854 118 973 604 233 362 634 819 322 985 452 823 970 377 368 449 559
174 775 179 941 475 88 90 653 633 893 702 989 988 127 399 577 549 327 284 128 829 337 398 97 795 813 822 166 316 732 226 49 564 963 278 273 855 593 753 675 892 54 101 232 84 876 90 783 701 406
312 405 41 439 325 391 123 625 853 109 845 801 135 85 952 597 233 624 42 718 366 550 722 435 141 88 325 858 507 575 864 572 234 269 285 391 9 133 995 994 615 680 920 983 532 490 970 17 448 758
428 545 267 2 657 172 287 23 932 889 715 294 890 46 556 39 104 461 697 692 520 559 671 284 348 262 921 295 864 957 182 162 261 423 905 140 688 223 202 454 351 207 620 952 237 855 391 486 708 677
317 328 158 554 138 138 573 15 501 170 998 721 771 229 48 968 174 839 369 562 664 88 861 72 215 531 525 438 638 469 868 617 564 365 788 786 805 647 232 134 769 686 719 773 463 982 852 440 326 569
408 43 150 550 328 6 889 363 64 199 415 960 268 149 44 335 633 491 75 984 511 176 989 213 756 872 569 16 360 398 96 995 927 398 769 208 594 235 434 292 724 486 581 334 677 342 428 315 510 565
774 47 946 393 980 99 17 603 713 307 871 110 99 949 254 672 467 495 231 89 175 66 699 220 977 306 835 43 913 305 457 681 948 505 731 603 427 235 624 806 908 780 197 836 133 717 312 479 40 902
558 820 417 484 828 785 317 60 50 667 389 895 857 1000 732 11 295 428 853 361 308 728 574 200 77 434 816 25 977 847 803 263 757 620 733 918 718 722 845 630 608 917 12 384 30 910 158 635 892 491
42 990 986 169 123 760 170 621 223 999 987 124 311 600 518 832 442 918 625 2 472 820 569 982 691 595 575 90 821 853 76 252 401 305 368 255 146 333 140 846 892 939 142 676 308 633 360 1000 327 99
185 321 777 958 393 863 169 834 967 656 87 991 138 809 263 727 676 965 508 940 575 125 351 984 495 337 803 340 556 564 313 550 252 413 857 860 472 370 806 846 664 685 412 527 8 31 40 769 521 196
382 16 170 596 74 186 229 526 702 635 716 362 622 182 190 795 876 923 946 23 790 623 11 452 729 572 34 609 932 743 233 625 779 837 694 285 924 245 790 167 535 609 345 762 190 829 73 876 978 146
953 33 501 510 609 682 726 492 339 743 283 400 647 508 98 61 315 100 41 812 171 581 54 857 849 264 965 677 519 554 913 813 406 634 577 765 586 807 620 276 966 186 909 600 887 129 335 412 525 145
146 700 789 493 314 28 965 875 295 868 350 158 692 956 894 862 65 36 732 309 430 199 842 88 91 94 802 778 190 756 605 618 281 246 660 995 272 120 951 859 866 864 612 437 348 786 337 457 31 4
798 17 827 462 351 43 797 711 823 2 19 98 737 395 823 149 42 52 98 390 96 93 105 422 499 432 728 365 347 482 132 931 956 31 21 246 706 94 569 527 915 462 404 349 455 21 595 294 380 49
566 332 485 276 726 167 222 266 42 649 392 290 579 75 595 152 33 842 472 516 391 724 485 263 570 360 689 466 777 598 678 100 223 46 181 437 384 524 699 676 979 790 978 265 282 904 343 999 828 97
217 293 260 24 472 803 652 495 748 138 184 772 931 91 389 742 392 686 85 421 858 397 554 492 904 646 770 285 481 888 451 535 182 813 732 567 489 193 975 236 872 294 895 919 291 106 983 703 321 268
673 7 831 976 777 899 976 837 323 313 174 291 646 756 577 438 880 459 692 32 517 103 220 724 253 849 626 833 476 39 101 422 975 41 852 706 713 937 42 745 133 207 949 589 397 590 621 130 61 931
